N-term, time, date, conId, Current Price, Changes in Price (%), Time Average Bid, Time Average Ask, Last Bid Price, Last Ask Price, Bid-Ask Spread, Average Bid-Ask Spread, Current Volume, Average Volume, Volume Condition, Bid-Ask Spread Condition, Last Traded Condition, Order
0,09:30:00,20230130,181764593,730,0.5454244945182134,724.659,729.066,729.72,733.75,4.029999999999973,0,3567,0,1,-1,1,
1,09:40:00,20230130,181764593,737.71,1.6073494573301847,731.836,735.003,735.19,738,2.8099999999999454,4.029999999999973,5419,3567,1,0,1,
2,09:50:00,20230130,181764593,734.08,1.1073770040218276,734.335,736.581,733.37,735.56,2.189999999999941,3.419999999999959,2507,4493,0,0,-1,
3,10:00:00,20230130,181764593,734.62,1.1817530714561237,734.62,736.954,734.23,736.25,2.019999999999982,3.009999999999953,3845,3831,0,0,0,
4,10:10:00,20230130,181764593,732.86,0.9393421850035879,733.145,735.383,731.92,734.02,2.1000000000000227,2.76249999999996,4127,3834.5,0,0,-1,
5,10:20:00,20230130,181764593,730.55,0.621177896534625,731.805,733.807,730.18,732.69,2.5100000000001046,2.6299999999999724,6803,3893,1,0,-1,
6,10:30:00,20230130,181764593,726.89,0.1170734394799216,727.521,729.349,726.5,727.66,1.1599999999999682,2.6099999999999945,1491,4378,-1,1,-1,
7,10:40:00,20230130,181764593,724.8,-0.17078948818247056,724.858,727.081,724.64,726.67,2.0299999999999727,2.4028571428571337,800,3965.57142857143,-1,0,-1,
8,10:50:00,20230130,181764593,724.91,-0.1556388077791851,724.586,725.96,725.78,727.02,1.240000000000009,2.3562499999999886,1457,3569.875,-1,0,0,
9,11:00:00,20230130,181764593,725.97,-0.009641342074808046,725.094,726.762,725.19,727.2,2.009999999999991,2.2322222222222132,1500,3335.11111111111,-1,0,0,
10,11:10:00,20230130,181764593,729.23,0.4393697316952309,727.667,729.448,727.92,730.08,2.160000000000082,2.209999999999991,3086,3151.6,0,0,0,
11,11:20:00,20230130,181764593,729.02,0.41044570547077547,727.661,729.573,727.86,729.59,1.7300000000000182,2.2054545454545447,901,3145.63636363636,-1,0,0,
12,11:30:00,20230130,181764593,728.76,0.37463500633574287,728.723,729.899,728.09,729.43,1.3399999999999181,2.1658333333333344,3000,2958.58333333333,0,0,0,
13,11:40:00,20230130,181764593,727.73,0.2327695443777278,727.95,729.6,726.85,728.6,1.75,2.102307692307687,800,2961.76923076923,-1,0,-1,
14,11:50:00,20230130,181764593,728.81,0.38152167924632,727.497,728.819,728.09,730.02,1.92999999999995,2.077142857142852,1200,2807.35714285714,-1,0,0,
15,12:00:00,20230130,181764593,727.77,0.2382788827061895,727.553,729.371,727.6,729.83,2.230000000000018,2.067333333333325,731,2700.2,-1,0,0,
16,12:10:00,20230130,181764593,728.07,0.27959892016969956,727.489,729.423,727.18,728.66,1.4800000000000182,2.0774999999999935,100,2577.125,-1,0,0,
17,12:20:00,20230130,181764593,727.98,0.26720290893064497,727.461,728.457,727.7,729.43,1.7299999999999045,2.0423529411764654,722,2431.41176470588,-1,0,0,
18,12:30:00,20230130,181764593,727.39,0.185940168585756,727.666,729.477,727.45,729.41,1.9599999999999227,2.0249999999999897,100,2336.44444444444,-1,0,-1,
19,12:40:00,20230130,181764593,728.39,0.3236736267974248,727.566,729.037,727.59,728.67,1.0799999999999272,2.021578947368407,200,2218.73684210526,-1,0,0,
20,12:50:00,20230130,181764593,727.12,0.14875213486860792,726.735,728.225,726.72,727.83,1.1100000000000136,1.974499999999983,700,2117.8,-1,0,0,
21,13:00:00,20230130,181764593,725.28,-0.10467742824086704,725.311,726.512,725.42,726.28,0.8600000000000136,1.933333333333318,1649,2050.28571428571,0,1,-1,
22,13:10:00,20230130,181764593,727.19,0.15839347694343164,725.553,726.552,726.61,727.36,0.75,1.8845454545454405,2700,2032.04545454545,0,1,1,
23,13:20:00,20230130,181764593,726.99,0.13084678530109162,726.56,727.562,726,726.87,0.8700000000000045,1.8352173913043344,200,2061.08695652174,-1,1,0,
24,13:30:00,20230130,181764593,725.21,-0.11431877031567507,724.487,725.456,724.64,725.44,0.8000000000000682,1.7949999999999873,1800,1983.54166666667,0,1,0,
25,13:40:00,20230130,181764593,725.34,-0.09641342074815876,724.713,725.489,725.28,725.92,0.6399999999999864,1.7551999999999905,1219,1976.2,0,1,0,
26,13:50:00,20230130,181764593,725.76,-0.0385653682992635,725.089,725.772,725.67,726.99,1.32000000000005,1.7123076923076825,1490,1947.07692307692,0,0,0,
27,14:00:00,20230130,181764593,726.39,0.048206710374087205,726.15,726.945,725.77,726.19,0.42000000000007276,1.6977777777777703,900,1930.14814814814,-1,1,0,
28,14:10:00,20230130,181764593,725.4,-0.08814941325546614,725.161,726.329,724.8,726.11,1.3100000000000591,1.6521428571428525,1171,1893.35714285714,0,0,0,
29,14:20:00,20230130,181764593,725.15,-0.12258277780838334,725.09,726.441,724.8,726.23,1.4300000000000637,1.6403448275862045,423,1868.44827586207,-1,0,0,
30,14:30:00,20230130,181764593,726.03,-0.001377334582115435,725.275,726.565,726.16,727.26,1.1000000000000227,1.633333333333333,300,1820.26666666667,-1,0,0,
31,14:40:00,20230130,181764593,726.01,-0.0041320037463463055,725.448,726.781,725.26,726.27,1.009999999999991,1.616129032258065,401,1771.22580645162,-1,0,0,
32,14:50:00,20230130,181764593,726.88,0.11569610489780616,725.898,726.874,726.93,728.03,1.1000000000000227,1.5971875000000002,705,1728.40625000001,-1,0,1,
33,15:00:00,20230130,181764593,727.49,0.199713514406926,727.118,728.187,727.04,727.9,0.8600000000000136,1.5821212121212131,1600,1697.39393939395,0,0,0,
34,15:10:00,20230130,181764593,727.94,0.26169357060218323,727.161,728.237,727.56,728.57,1.0100000000001046,1.5608823529411777,800,1694.52941176472,-1,0,0,
35,15:20:00,20230130,181764593,727.24,0.1652801498540088,727.076,728.146,726.59,728.04,1.4499999999999318,1.5451428571428614,1600,1668.97142857144,0,0,0,
36,15:30:00,20230130,181764593,728.25,0.30439094264779304,727.289,728.277,727.85,728.83,0.9800000000000182,1.5425000000000022,1690,1667.05555555557,0,0,0,
37,15:40:00,20230130,181764593,725.48,-0.077130736598527,725.703,726.789,724.83,726.65,1.8199999999999363,1.5272972972972998,1000,1667.67567567569,0,0,-1,
38,15:50:00,20230130,181764593,724.49,-0.21348686022808036,724.327,725.23,724.21,724.86,0.6499999999999773,1.5350000000000008,9145,1650.10526315791,1,1,0,
39,09:30:00,20230131,181764593,724.18,-0.25618423227370585,722.37,728.404,724.26,728.94,4.680000000000064,1.5123076923076926,5671,1842.28205128207,1,-1,0,
40,09:40:00,20230131,181764593,727.54,0.20660018731750318,726.016,730.403,726.95,729.61,2.659999999999968,1.591500000000002,1200,1938.00000000002,0,-1,0,
41,09:50:00,20230131,181764593,728.99,0.40631370172442915,728.46,731.721,728.98,731.39,2.409999999999968,1.617560975609757,4824,1920.00000000002,1,0,0,
42,10:00:00,20230131,181764593,729.13,0.42559638587406096,728.682,731.424,727.75,730.52,2.769999999999982,1.6364285714285716,1400,1989.14285714288,0,-1,0,
43,10:10:00,20230131,181764593,732.69,0.91592749710761,729.502,732.443,731.1,734.12,3.019999999999982,1.6627906976744182,992,1975.44186046514,0,-1,1,
44,10:20:00,20230131,181764593,732.7,0.9173048316897254,731.133,733.252,731.7,734.29,2.589999999999918,1.6936363636363627,1800,1953.09090909093,0,-1,0,
45,10:30:00,20230131,181764593,733.34,1.0054542449451915,731.863,733.493,732.25,733.78,1.5299999999999727,1.7135555555555528,2641,1949.68888888891,0,0,0,
46,10:40:00,20230131,181764593,734.75,1.19965842102364,732.881,734.502,734.02,734.71,0.6900000000000546,1.7095652173913012,2940,1964.71739130437,0,1,1,
47,10:50:00,20230131,181764593,734.51,1.1666023910528383,734.184,735.955,734.08,735.19,1.1100000000000136,1.68787234042553,1100,1985.4680851064,0,0,0,
48,11:00:00,20230131,181764593,735.21,1.2630158118010129,734.748,735.875,734.43,735.21,0.7800000000000864,1.6758333333333317,4140,1967.02083333335,1,1,0,
49,11:10:00,20230131,181764593,733.07,0.9682662112280435,732.702,734.128,732.34,733.66,1.3199999999999363,1.6575510204081634,2227,2011.36734693879,0,0,0,
50,11:20:00,20230131,181764593,732.16,0.8429287642554135,731.211,732.807,731.35,732.97,1.6200000000000045,1.6507999999999987,800,2015.68000000001,-1,0,0,
51,11:30:00,20230131,181764593,731.83,0.7974767230455729,731.623,733.014,731.05,732.26,1.2100000000000364,1.6501960784313714,1100,1991.84313725491,0,0,0,
52,11:40:00,20230131,181764593,733.98,1.0936036582006576,733.167,734.697,733.33,734.66,1.3299999999999272,1.6417307692307688,3864,1974.69230769232,1,0,0,
53,11:50:00,20230131,181764593,735.2,1.2616384772188973,734.601,735.657,734.84,735.49,0.6499999999999773,1.6358490566037718,3659,2010.33962264152,1,1,0,
54,12:00:00,20230131,181764593,732.72,0.9200595008539562,732.821,734.046,732.36,734.67,2.3099999999999454,1.6175925925925905,4714,2040.87037037038,1,0,-1,
55,12:10:00,20230131,181764593,733.18,0.9834168916313132,732.374,733.784,732.55,733.84,1.2900000000000773,1.630181818181815,2086,2089.47272727274,0,0,0,
56,12:20:00,20230131,181764593,734.01,1.097735661947004,733.383,734.71,733.6,734.7,1.1000000000000227,1.6241071428571412,900,2089.41071428573,-1,0,0,
57,12:30:00,20230131,181764593,735.66,1.3249958679962544,734.158,735.001,735.18,736.18,1,1.6149122807017533,6531,2068.54385964914,1,0,1,
58,12:40:00,20230131,181764593,735.16,1.2561291388904199,734.87,736.006,734.7,735.46,0.7599999999999909,1.604310344827585,1958,2145.48275862071,0,1,0,
59,12:50:00,20230131,181764593,735.46,1.29744917635393,734.36,735.157,734.17,735.89,1.7200000000000273,1.5899999999999987,1200,2142.30508474578,0,0,1,
60,13:00:00,20230131,181764593,735.87,1.3539198942207098,734.841,736.415,735.14,736.14,1,1.5921666666666658,745,2126.60000000002,-1,0,0,
61,13:10:00,20230131,181764593,736.95,1.5026720290893179,735.746,736.72,736.44,737.51,1.0699999999999363,1.5824590163934418,4006,2103.95081967215,1,0,1,
62,13:20:00,20230131,181764593,737.04,1.5150680403283565,736.217,737.283,736.22,737.06,0.8399999999999181,1.5741935483870948,4935,2134.62903225808,1,0,0,
63,13:30:00,20230131,181764593,736.68,1.4654839953721541,736.275,737.125,735.78,736.44,0.6600000000000819,1.5625396825396793,1521,2179.07936507938,0,1,0,
64,13:40:00,20230131,181764593,737.49,1.5770480965236138,736.405,737.329,737.14,737.94,0.8000000000000682,1.5484374999999981,1272,2168.79687500001,0,0,1,
65,13:50:00,20230131,181764593,739.06,1.793289625915925,737.547,738.591,738.38,739.05,0.6699999999999591,1.5369230769230762,1135,2155.00000000001,0,1,1,
66,14:00:00,20230131,181764593,739.18,1.809817640901326,738.325,739.484,738.46,739.75,1.2899999999999636,1.5237878787878776,822,2139.54545454546,-1,0,0,
67,14:10:00,20230131,181764593,737.89,1.6321414798082783,738.662,739.462,737.22,738.56,1.3399999999999181,1.520298507462685,1776,2119.88059701493,0,0,-1,
68,14:20:00,20230131,181764593,736.98,1.506804032835664,736.607,737.588,736.67,737.74,1.07000000000005,1.5176470588235265,2162,2114.82352941177,0,0,0,
69,14:30:00,20230131,181764593,736.34,1.418654619580198,736.259,737.416,736.61,737.79,1.17999999999995,1.5111594202898528,1586,2115.50724637682,0,0,0,
70,14:40:00,20230131,181764593,737.39,1.5632747507024438,736.634,737.674,736.7,738.12,1.419999999999959,1.5064285714285686,1240,2107.94285714287,0,0,0,
71,14:50:00,20230131,181764593,736.84,1.4875213486860324,736.183,737.332,736.17,736.9,0.7300000000000182,1.5052112676056304,1528,2095.71830985917,0,1,0,
72,15:00:00,20230131,181764593,737.11,1.5247093824031803,737.154,738.184,737.03,737.49,0.4600000000000364,1.4944444444444414,2804,2087.83333333335,0,1,-1,
73,15:10:00,20230131,181764593,735.95,1.364938570877649,735.931,736.756,734.47,735.69,1.2200000000000273,1.4802739726027372,1895,2097.64383561645,0,0,0,
74,15:20:00,20230131,181764593,735.64,1.3222411988320235,734.823,735.729,735.42,736.02,0.6000000000000227,1.4767567567567546,1878,2094.90540540542,0,1,0,
75,15:30:00,20230131,181764593,738.96,1.7795162800947708,737.43,738.169,738.7,739.21,0.5099999999999909,1.4650666666666647,8128,2092.01333333335,1,1,1,BUY
76,15:40:00,20230131,181764593,741.2,2.08803922648891,738.733,739.419,740.45,741.4,0.9499999999999318,1.4524999999999981,16902,2171.43421052633,1,0,1,
77,15:50:00,20230131,181764593,738.36,1.6968762051677664,738.127,738.989,738.36,738.51,0.14999999999997726,1.4459740259740232,58699,2362.74025974027,1,1,0,
78,09:30:00,20230201,181764593,735.06,1.24235579306925,733.609,737.724,733.08,737.07,3.990000000000009,1.4293589743589714,12758,3085.00000000001,1,-1,0,
79,09:40:00,20230201,181764593,734.65,1.18588507520247,733.527,737.327,733.68,737.02,3.340000000000032,1.4617721518987312,8159,3207.44303797469,1,-1,0,
80,09:50:00,20230201,181764593,732.74,0.9228141700181871,732.196,734.66,732.66,734.67,2.009999999999991,1.4852499999999975,8155,3269.33750000001,1,0,0,
81,10:00:00,20230201,181764593,730.82,0.6583659302517887,729.553,732.438,729.48,730.87,1.3899999999999864,1.4917283950617257,4581,3329.65432098766,0,0,0,
82,10:10:00,20230201,181764593,730.12,0.5619525095036143,729.459,731.188,729.23,731,1.7699999999999818,1.490487804878046,9589,3344.91463414635,1,0,0,
83,10:20:00,20230201,181764593,728.11,0.28510825849816124,728.266,729.858,727.63,728.58,0.9500000000000455,1.4938554216867441,3351,3420.14457831326,0,0,-1,
84,10:30:00,20230201,181764593,726.73,0.09503608616605898,726.645,727.807,726.34,727.31,0.9699999999999136,1.4873809523809502,4005,3419.32142857144,0,0,0,
85,10:40:00,20230201,181764593,726.44,0.05509338328468004,725.915,727.296,725.78,726.96,1.1800000000000637,1.4812941176470558,2100,3426.21176470589,0,0,0,
86,10:50:00,20230201,181764593,726.28,0.03305602997080176,725.523,727.046,725.49,727.1,1.6100000000000136,1.4777906976744164,8426,3410.79069767443,1,0,0,
87,11:00:00,20230201,181764593,727.01,0.13360145446532248,726.029,727.45,726.51,727.56,1.0499999999999545,1.4793103448275842,13193,3468.43678160921,1,0,0,
88,11:10:00,20230201,181764593,726.27,0.031678695388686326,725.633,726.963,725.78,726.84,1.0600000000000591,1.4744318181818157,6056,3578.9431818182,1,0,0,
89,11:20:00,20230201,181764593,727.08,0.14324279654014618,726.604,727.901,726.27,727.81,1.5399999999999636,1.4697752808988747,5893,3606.77528089889,1,0,0,
90,11:30:00,20230201,181764593,729.34,0.45452041209851635,727.704,728.837,728.52,729.74,1.2200000000000273,1.4705555555555534,2100,3632.17777777779,0,0,1,
91,11:40:00,20230201,181764593,729.85,0.5247644757864661,729.279,730.294,729.85,731.01,1.1599999999999682,1.467802197802196,7027,3615.34065934067,1,0,0,
92,11:50:00,20230201,181764593,730.08,0.5564431711751525,729.041,730.332,728.97,730.02,1.0499999999999545,1.4644565217391283,1700,3652.42391304349,-1,0,0,
93,12:00:00,20230201,181764593,729,0.40769103630654463,728.75,729.707,728.68,729.34,0.6600000000000819,1.4599999999999975,3100,3631.43010752689,0,1,0,
94,12:10:00,20230201,181764593,729.08,0.41870971296348375,728.254,729.857,728.75,729.89,1.1399999999999864,1.451489361702126,1737,3625.77659574469,-1,0,0,
95,12:20:00,20230201,181764593,729.31,0.45038840835215443,728.774,729.914,728.05,729.73,1.6800000000000637,1.4482105263157876,758,3605.89473684211,-1,0,0,
96,12:30:00,20230201,181764593,729.07,0.4173323783813683,728.15,729.322,727.97,729.62,1.6499999999999773,1.450624999999999,3143,3576.22916666667,0,0,0,
97,12:40:00,20230201,181764593,729.57,0.48619910748720274,728.523,729.628,728.28,729.66,1.3799999999999955,1.4526804123711328,1300,3571.76288659794,-1,0,0,
98,12:50:00,20230201,181764593,727.86,0.25067489394524406,727.769,728.892,726.97,728.09,1.1200000000000045,1.451938775510203,800,3548.58163265306,-1,0,0,
99,13:00:00,20230201,181764593,728.62,0.35535232218611107,727.494,728.466,728.22,729.07,0.8500000000000227,1.4485858585858575,1790,3520.81818181818,0,0,1,
100,13:10:00,20230201,181764593,726.78,0.10192275907663616,727.561,728.379,726.67,727.41,0.7400000000000091,1.4425999999999992,1833,3503.51,0,0,-1,
101,13:20:00,20230201,181764593,728.52,0.3415789763649411,727.085,728.083,727.78,728.59,0.8100000000000591,1.435643564356435,915,3486.9702970297,-1,0,1,
102,13:30:00,20230201,181764593,728.21,0.29888160431933125,727.921,729.078,727.22,728.76,1.5399999999999636,1.4295098039215686,1500,3461.75490196078,-1,0,0,
103,13:40:00,20230201,181764593,725.94,-0.013773345821154352,726.409,727.658,725.79,726.44,0.650000000000091,1.4305825242718442,1800,3442.70873786407,0,1,-1,
104,13:50:00,20230201,181764593,726.55,0.07024406368794983,725.441,726.464,725.13,726.35,1.2200000000000273,1.4230769230769236,1800,3426.91346153845,0,0,1,
105,14:00:00,20230201,181764593,725.07,-0.13360145446530683,723.303,725.593,724.4,727.09,2.6900000000000546,1.421142857142858,6437,3411.41904761904,1,-1,0,
106,14:10:00,20230201,181764593,726.28,0.03305602997080176,724.598,726.531,725.34,727.22,1.8799999999999955,1.433113207547171,4510,3439.96226415094,0,0,0,
107,14:20:00,20230201,181764593,725.22,-0.11294143573355962,725.499,726.993,724.78,726.24,1.4600000000000364,1.4372897196261696,3058,3449.96261682243,0,0,-1,
108,14:30:00,20230201,181764593,727.75,0.23552421354195863,722.071,724.5,726.48,729.95,3.4700000000000273,1.4375000000000018,9347,3446.33333333333,1,-1,1,
109,14:40:00,20230201,181764593,731.5,0.7520246818357166,729.306,731.66,730.7,732.65,1.9499999999999318,1.4561467889908277,2200,3500.46788990825,0,0,0,
110,14:50:00,20230201,181764593,732.16,0.8429287642554135,732.104,734.018,730.99,732.97,1.9800000000000182,1.460636363636365,3709,3488.64545454545,0,0,0,
111,15:00:00,20230201,181764593,736.08,1.3828439204451652,733.669,735.258,735.2,737.06,1.8599999999999,1.465315315315317,12975,3490.63063063063,1,0,1,
112,15:10:00,20230201,181764593,736.83,1.4861440141039168,735.824,737.068,736.29,737.04,0.75,1.4688392857142865,7947,3575.3125,1,0,0,
113,15:20:00,20230201,181764593,738.2,1.6748388518539037,736.593,737.475,737.63,738.73,1.1000000000000227,1.4624778761061954,4701,3614,0,0,1,
114,15:30:00,20230201,181764593,742.85,2.3152994325381604,739.678,740.574,740.79,741.89,1.1000000000000227,1.459298245614036,3500,3623.5350877193,0,0,1,
115,15:40:00,20230201,181764593,738.77,1.7533469230345462,740.196,741.263,737.56,739.09,1.5300000000000864,1.4561739130434794,3815,3622.46086956522,0,0,-1,
116,15:50:00,20230201,181764593,738.11,1.662442840614849,736.91,737.807,737.49,738.13,0.6399999999999864,1.456810344827588,17104,3624.12068965518,1,1,1,BUY
117,09:30:00,20230202,181764593,748.11,3.039777422731537,745.49,748.955,746.26,749.99,3.730000000000018,1.4498290598290615,6589,3739.33333333334,1,-1,0,
118,09:40:00,20230202,181764593,753.49,3.7807834279103143,749.002,751.528,752.62,753.49,0.8700000000000045,1.4691525423728833,12329,3763.48305084746,1,0,1,
119,09:50:00,20230202,181764593,754.04,3.8565368299267258,753.381,755.71,753.16,756.52,3.3600000000000136,1.4641176470588255,2518,3835.46218487395,0,-1,0,
120,10:00:00,20230202,181764593,750.79,3.4089030907388027,750.447,753.704,748.75,752.85,4.100000000000023,1.4799166666666688,1856,3824.48333333333,-1,-1,0,
121,10:10:00,20230202,181764593,754,3.851027491598264,750.473,752.712,753.77,756.05,2.2799999999999727,1.5015702479338864,10265,3808.21487603305,1,-1,1,
122,10:20:00,20230202,181764593,755.45,4.0507410060051905,754.536,756.591,755.06,755.93,0.8700000000000045,1.5079508196721332,1182,3861.13934426229,-1,0,0,
123,10:30:00,20230202,181764593,758.53,4.47496005729712,757.693,759.134,758.43,759.24,0.8100000000000591,1.5027642276422783,4756,3839.35772357723,0,0,0,
124,10:40:00,20230202,181764593,757.25,4.298661230786188,757.554,758.77,756.21,758.36,2.1499999999999773,1.497177419354841,2420,3846.74999999999,0,0,-1,
125,10:50:00,20230202,181764593,756.9,4.2504545204121005,755.992,757.62,756.2,757.51,1.3099999999999454,1.5024000000000022,21310,3835.33599999999,1,0,0,
126,11:00:00,20230202,181764593,758.68,4.495620076028867,756.472,758.089,757.64,758.84,1.2000000000000455,1.5008730158730177,5100,3974.0238095238,0,0,1,
127,11:10:00,20230202,181764593,758.17,4.425376012340918,756.718,758.61,757.39,758.94,1.5500000000000682,1.498503937007876,5730,3982.88976377952,0,0,0,
128,11:20:00,20230202,181764593,756.87,4.246322516665754,756.351,758.03,756.41,757.68,1.2699999999999818,1.4989062500000025,1762,3996.53906249999,-1,0,0,
129,11:30:00,20230202,181764593,757,4.264227866233271,756.15,757.498,756.29,758.03,1.740000000000009,1.497131782945739,9894,3979.21705426356,1,0,0,
130,11:40:00,20230202,181764593,756.03,4.130626411767948,755.661,757.516,755.03,756.91,1.8799999999999955,1.4990000000000026,5428,4024.71538461538,0,0,0,
131,11:50:00,20230202,181764593,756.11,4.141645088424887,755.749,757.195,756.03,757.58,1.5500000000000682,1.5019083969465674,2824,4035.42748091603,0,0,0,
132,12:00:00,20230202,181764593,756.58,4.206379813784376,756.118,757.276,756.33,757.16,0.8299999999999272,1.5022727272727303,3501,4026.25,0,0,0,
133,12:10:00,20230202,181764593,759.2,4.567241474298949,757.868,759.493,758.42,760,1.580000000000041,1.4972180451127843,2800,4022.3007518797,0,0,0,
134,12:20:00,20230202,181764593,759.19,4.565864139716832,757.85,759.231,758.37,759.45,1.080000000000041,1.4978358208955251,1601,4013.17910447761,-1,0,0,
135,12:30:00,20230202,181764593,759.06,4.547958790149301,758.374,759.837,758.37,759.84,1.4700000000000273,1.4947407407407438,2657,3995.31111111111,0,0,0,
136,12:40:00,20230202,181764593,759.07,4.549336124731432,758.37,759.925,758.37,759.9,1.5299999999999727,1.494558823529415,8023,3985.47058823529,1,0,0,
137,12:50:00,20230202,181764593,760.44,4.738030962481419,759.201,760.576,759.65,761.22,1.57000000000005,1.4948175182481782,4851,4014.94160583941,0,0,0,
138,13:00:00,20230202,181764593,760.31,4.720125612913887,760.261,761.863,759.54,761.16,1.6200000000000045,1.4953623188405831,3118,4020.99999999999,0,0,0,
139,13:10:00,20230202,181764593,759.86,4.658145556718645,759.268,760.469,758.79,760.03,1.240000000000009,1.4962589928057588,7067,4014.50359712229,1,0,0,
140,13:20:00,20230202,181764593,758.72,4.501129414357345,758.678,759.703,757.92,759.26,1.3400000000000318,1.4944285714285748,7540,4036.30714285713,1,0,0,
141,13:30:00,20230202,181764593,756.37,4.1774557875599205,756.887,758.385,755.5,757.23,1.7300000000000182,1.4933333333333367,2001,4061.15602836878,-1,0,-1,
142,13:40:00,20230202,181764593,756.87,4.246322516665754,755.841,757.669,756.15,757.53,1.3799999999999955,1.4950000000000034,1400,4046.64788732393,-1,0,0,
143,13:50:00,20230202,181764593,756.75,4.229794501680353,755.969,757.134,755.97,757.47,1.5,1.4941958041958077,2200,4028.13986013985,0,0,0,
144,14:00:00,20230202,181764593,754.86,3.9694782656603014,755.401,756.738,754.09,755.37,1.2799999999999727,1.4942361111111147,1363,4015.44444444443,-1,0,-1,
145,14:10:00,20230202,181764593,751.68,3.5314858685471857,751.289,752.779,751.27,752.82,1.5500000000000682,1.4927586206896584,2465,3997.15172413792,0,0,0,
146,14:20:00,20230202,181764593,751.89,3.560409894771641,751.041,752.751,751.26,752.53,1.2699999999999818,1.4931506849315106,1000,3986.65753424656,-1,0,0,
147,14:30:00,20230202,181764593,750.74,3.4020164178282255,749.99,751.571,749.68,751.24,1.5600000000000591,1.491632653061228,2505,3966.34013605441,0,0,0,
148,14:40:00,20230202,181764593,750.59,3.381356399096478,749.649,751.459,749.49,751.23,1.740000000000009,1.4920945945945985,3937,3956.4662162162,0,0,0,
149,14:50:00,20230202,181764593,749.44,3.2229629221530622,749.772,751.754,748.86,750.74,1.8799999999999955,1.4937583892617488,2699,3956.33557046978,0,0,-1,
150,15:00:00,20230202,181764593,748.96,3.1568508622114586,748.598,750.225,748.17,749.97,1.8000000000000682,1.496333333333337,4249,3947.95333333332,0,0,0,
151,15:10:00,20230202,181764593,747.86,3.0053440581786197,748.202,749.3,747.45,748.66,1.2099999999999227,1.4983443708609314,10422,3949.94701986754,1,0,-1,
152,15:20:00,20230202,181764593,747.78,2.994325381521681,747.454,748.941,746.71,748.92,2.2099999999999227,1.4964473684210564,12713,3992.52631578946,1,0,0,
153,15:30:00,20230202,181764593,749.31,3.2050575725855306,748.154,749.214,749.1,749.96,0.8600000000000136,1.5011111111111144,5472,4049.52287581698,0,0,1,
154,15:40:00,20230202,181764593,748.82,3.1375681780618265,748.084,749.099,748.51,750.83,2.32000000000005,1.4969480519480551,3953,4058.75974025973,0,-1,0,
155,15:50:00,20230202,181764593,752.98,3.710539364222364,750.619,751.739,751.88,752.98,1.1000000000000227,1.5022580645161325,20874,4058.07741935483,1,0,1,
156,09:30:00,20230203,181764593,739.65,1.8745523662608141,738.321,743.187,737.7,741.59,3.8899999999999864,1.499679487179491,5612,4165.87179487179,0,-1,0,
157,09:40:00,20230203,181764593,735.77,1.3401465483995396,738.744,742.423,734.49,739.33,4.840000000000032,1.51490445859873,5491,4175.08280254777,0,-1,-1,
158,09:50:00,20230203,181764593,733.99,1.0949809927827732,734.145,737.064,733.25,736.05,2.7999999999999545,1.5359493670886115,2361,4183.41139240506,0,-1,-1,
159,10:00:00,20230203,181764593,731.36,0.7327419976860848,730.955,733.202,730.58,732.42,1.8399999999999181,1.543899371069186,4132,4171.94968553459,0,0,0,
160,10:10:00,20230203,181764593,735.01,1.2354691201586727,732.989,735.305,732.6,735.3,2.699999999999932,1.5457500000000028,3200,4171.7,0,-1,0,
161,10:20:00,20230203,181764593,732.58,0.9007768167043245,732.795,735.469,730.28,733.26,2.980000000000018,1.5529192546583874,1200,4165.66459627329,-1,-1,-1,SELL
162,10:30:00,20230203,181764593,734.85,1.21343176684481,731.485,733.83,732.59,735.75,3.159999999999968,1.561728395061731,4088,4147.35802469136,0,-1,1,
163,10:40:00,20230203,181764593,733.74,1.0605476282298558,733.92,736.262,733.02,734.85,1.830000000000041,1.5715337423312907,2952,4146.99386503068,0,0,-1,
164,10:50:00,20230203,181764593,730.72,0.6445925844306186,730.392,732.103,730.6,731.81,1.2099999999999227,1.5731097560975635,12215,4139.70731707318,1,0,0,
165,11:00:00,20230203,181764593,732.58,0.9007768167043245,730.963,732.689,731.26,733.05,1.7899999999999636,1.570909090909093,4406,4188.64848484849,0,0,0,
166,11:10:00,20230203,181764593,732.33,0.8663434521514073,732.327,734.044,732.33,733.34,1.009999999999991,1.5722289156626523,3121,4189.95783132531,0,0,0,
167,11:20:00,20230203,181764593,731.9,0.8071180651203811,731.76,733.08,731.73,732.78,1.0499999999999545,1.5688622754491033,1200,4183.55688622755,-1,0,0,
168,11:30:00,20230203,181764593,731.38,0.7354966668503157,732.319,733.621,730.76,732,1.240000000000009,1.5657738095238107,4700,4165.79761904762,0,0,-1,
169,11:40:00,20230203,181764593,729.89,0.5302738141149279,730.262,731.2,728.42,729.99,1.57000000000005,1.563846153846155,5100,4168.95857988166,0,0,-1,
170,11:50:00,20230203,181764593,727.71,0.2300148752134969,727.783,729.22,727.23,728.1,0.8700000000000045,1.563882352941178,2050,4174.43529411765,-1,0,-1,
171,12:00:00,20230203,181764593,729.45,0.46967109250180183,728.075,729.267,729.03,730.2,1.1700000000000728,1.5598245614035104,3600,4162.01169590644,0,0,1,
172,12:10:00,20230203,181764593,732.2,0.848438102583891,730.021,731.483,731.53,732.86,1.330000000000041,1.5575581395348859,6000,4158.74418604652,0,0,1,
173,12:20:00,20230203,181764593,733.71,1.0564156244835097,731.868,733.07,732.29,733.78,1.490000000000009,1.5562427745664764,3000,4169.387283237,0,0,1,
174,12:30:00,20230203,181764593,734.02,1.0991129965291195,732.679,733.674,733.39,734.02,0.6299999999999955,1.5558620689655198,2368,4162.66666666667,0,1,1,
175,12:40:00,20230203,181764593,732.96,0.953115530824758,733.883,735.231,732.52,733.76,1.240000000000009,1.5505714285714312,8543,4152.41142857143,1,0,-1,
176,12:50:00,20230203,181764593,731.45,0.7451380089251394,731.629,732.957,730.63,732.04,1.4099999999999682,1.5488068181818209,5410,4177.35795454546,0,0,-1,
177,13:00:00,20230203,181764593,728.75,0.37325767175362745,729.799,731.269,728.32,729.39,1.0699999999999363,1.5480225988700589,3400,4184.32203389831,0,0,-1,
178,13:10:00,20230203,181764593,729.91,0.5330284832791589,728.191,729.708,728.46,730.1,1.6399999999999864,1.5453370786516876,1400,4179.91573033708,-1,0,1,
179,13:20:00,20230203,181764593,728.08,0.280976254751815,728.179,729.56,728.03,729.14,1.1100000000000136,1.5458659217877115,1700,4164.38547486034,-1,0,-1,
180,13:30:00,20230203,181764593,728,0.26995757809487586,727.431,728.672,727.46,728.7,1.240000000000009,1.5434444444444464,5100,4150.69444444445,0,0,0,
181,13:40:00,20230203,181764593,726.49,0.06198005619525721,725.8,727.229,725.56,727.7,2.1400000000001,1.541767955801107,3209,4155.93922651934,0,0,0,
182,13:50:00,20230203,181764593,729.29,0.44763373918792354,727.248,728.998,728.07,729.34,1.2699999999999818,1.5450549450549476,2101,4150.73626373627,0,0,1,
183,14:00:00,20230203,181764593,730.75,0.648724588176965,728.892,730.144,729.21,731,1.7899999999999636,1.5435519125683084,2900,4139.53551912569,0,0,1,
184,14:10:00,20230203,181764593,729.78,0.5151231337116425,729.426,730.763,729.72,730.98,1.259999999999991,1.5448913043478283,2650,4132.79891304348,0,0,0,
185,14:20:00,20230203,181764593,731.83,0.7974767230455729,730.265,731.406,731.11,732.55,1.4399999999999409,1.5433513513513535,3925,4124.78378378378,0,0,1,
186,14:30:00,20230203,181764593,732.95,0.9517381962426426,730.807,732.229,732.15,733.19,1.0400000000000773,1.542795698924733,3248,4123.70967741935,0,0,1,
187,14:40:00,20230203,181764593,730.31,0.5881218665638231,730.817,732.249,731,731.77,0.7699999999999818,1.54010695187166,700,4119.02673796791,-1,1,-1,
188,14:50:00,20230203,181764593,729.19,0.4338603933667692,729.848,731.077,728.66,729.72,1.0600000000000591,1.5360106382978744,1500,4100.84042553191,-1,0,-1,
189,15:00:00,20230203,181764593,727.96,0.2644482397664141,727.624,728.638,727.91,728.69,0.7800000000000864,1.533492063492066,3255,4087.07936507936,0,0,0,
190,15:10:00,20230203,181764593,729.37,0.4586524158448627,728.194,729.407,728.61,729.84,1.2300000000000182,1.5295263157894767,5375,4082.7,0,0,0,
191,15:20:00,20230203,181764593,728.16,0.29199493140873845,728.671,729.658,728.12,729.08,0.9600000000000364,1.5279581151832493,3700,4089.46596858639,0,0,-1,
192,15:30:00,20230203,181764593,727.67,0.22450553688501948,728.244,729.047,727.26,728.1,0.8400000000000318,1.5250000000000032,5741,4087.4375,0,0,-1,
193,15:40:00,20230203,181764593,728.88,0.3911630213211437,728.315,729.156,727.92,729.75,1.830000000000041,1.5214507772020758,8189,4096.00518134715,1,0,0,
194,15:50:00,20230203,181764593,733.28,0.9971902374524833,731.426,732.453,732.65,733.45,0.8000000000000682,1.5230412371134057,25227,4117.10309278351,1,0,1,
195,09:30:00,20230206,181764593,719.85,-0.8525701063302216,718.379,723.055,717.4,720.73,3.330000000000041,1.5193333333333372,5561,4225.35897435898,0,-1,0,
196,09:40:00,20230206,181764593,719,-0.9696435458101431,716.696,720.613,716.99,720.88,3.8899999999999864,1.5285714285714327,1230,4232.17346938776,-1,-1,0,
197,09:50:00,20230206,181764593,722.72,-0.4572750812627316,719.98,722.952,721.69,723.09,1.3999999999999773,1.5405583756345218,2119,4216.93401015229,0,0,0,
198,10:00:00,20230206,181764593,721.15,-0.6735166106550585,721.201,723.837,720.94,723.29,2.349999999999909,1.5398484848484888,1115,4206.33838383839,-1,-1,-1,SELL
199,10:10:00,20230206,181764593,718.81,-0.9958129028703678,718.987,721.164,718.46,720.62,2.159999999999968,1.5439195979899532,2997,4190.80402010051,0,0,-1,
200,10:20:00,20230206,181764593,723.44,-0.3581069913503263,720.057,722.234,722.07,724.8,2.7299999999999045,1.5470000000000033,2600,4184.83500000001,0,-1,1,
201,10:30:00,20230206,181764593,723.99,-0.28235358933391475,722.583,724.386,723.23,724.74,1.509999999999991,1.5528855721393062,10860,4176.95024875623,1,0,0,
202,10:40:00,20230206,181764593,724.23,-0.249297559363113,723.51,724.446,723.53,724.67,1.1399999999999864,1.5526732673267354,1500,4210.03465346536,-1,0,0,
203,10:50:00,20230206,181764593,727.37,0.18318549942152512,725.468,726.605,726.46,728.29,1.8299999999999272,1.5506403940886726,2798,4196.68472906405,0,0,1,
204,11:00:00,20230206,181764593,726.07,0.004132003746361964,726.351,728.01,724.89,726.91,2.019999999999982,1.5520098039215708,2100,4189.82843137256,0,0,-1,
205,11:10:00,20230206,181764593,727.33,0.17767616109306336,725.17,726.884,726.78,728.65,1.8700000000000045,1.5542926829268315,1201,4179.63414634147,-1,0,1,
206,11:20:00,20230206,181764593,727.33,0.17767616109306336,726.296,728.496,726.33,728.51,2.17999999999995,1.555825242718449,425,4165.17475728156,-1,0,0,
207,11:30:00,20230206,181764593,726.74,0.09641342074817441,726.45,728.24,725.62,728.04,2.419999999999959,1.558840579710147,2165,4147.10628019324,0,-1,0,
208,11:40:00,20230206,181764593,726.97,0.12809211613686075,726.005,727.812,726.26,727.7,1.4400000000000546,1.5629807692307711,100,4137.57692307693,-1,0,0,
209,11:50:00,20230206,181764593,724.86,-0.16252548068976228,725.105,726.53,724.33,725.36,1.0299999999999727,1.5623923444976098,1097,4118.25837320575,-1,0,-1,
210,12:00:00,20230206,181764593,725.02,-0.14048812737589966,723.988,725.342,724.07,725.34,1.2699999999999818,1.5598571428571448,2359,4103.87142857144,0,0,0,
211,12:10:00,20230206,181764593,723.21,-0.38978568673901265,722.587,724.162,721.13,721.96,0.8300000000000409,1.5584834123222768,200,4095.60189573461,-1,0,0,
212,12:20:00,20230206,181764593,721.59,-0.6129138890419167,721.43,722.744,721.45,723.29,1.8399999999999181,1.5550471698113228,1335,4077.22641509435,-1,0,0,
213,12:30:00,20230206,181764593,722.7,-0.4600297504269625,722.232,723.529,721.6,723.17,1.5699999999999363,1.5563849765258233,2100,4064.35211267607,0,0,0,
214,12:40:00,20230206,181764593,722.75,-0.4531430775163853,722,723.922,721.89,723.09,1.2000000000000455,1.5564485981308427,1600,4055.17289719628,-1,0,0,
215,12:50:00,20230206,181764593,720.75,-0.7286099939397228,720.865,722.119,719.97,721.04,1.0699999999999363,1.5547906976744204,1750,4043.75348837211,-1,0,-1,
216,13:00:00,20230206,181764593,720.54,-0.7575340201641783,719.103,720.359,720.31,721.77,1.4600000000000364,1.552546296296298,2803,4033.13425925928,0,0,1,
217,13:10:00,20230206,181764593,720.67,-0.739628670596662,719.667,721.307,719.72,721.58,1.8600000000000136,1.5521198156682046,404,4027.46543778804,-1,0,0,
218,13:20:00,20230206,181764593,719.42,-0.911795493361248,719.597,721.299,718.61,720.18,1.5699999999999363,1.553532110091745,700,4010.84403669727,-1,0,-1,
219,13:30:00,20230206,181764593,718.49,-1.0398876094980931,718.419,719.894,718.44,719.66,1.2199999999999136,1.5536073059360744,2261,3995.72602739728,0,0,0,
220,13:40:00,20230206,181764593,719.3,-0.9283235083466488,718.57,719.686,718.95,720.12,1.169999999999959,1.55209090909091,1705,3987.84090909093,-1,0,0,
221,13:50:00,20230206,181764593,722.78,-0.44901107377003896,721.141,722.192,722.17,723.66,1.490000000000009,1.550361990950227,2560,3977.51131221722,0,0,1,
222,14:00:00,20230206,181764593,723.11,-0.4035590325601826,722.323,723.851,722.81,723.75,0.9400000000000546,1.550090090090091,700,3971.12612612615,-1,0,0,
223,14:10:00,20230206,181764593,723.28,-0.3801443446642046,723.029,724.289,722.58,723.98,1.3999999999999773,1.5473542600896872,704,3956.45739910316,-1,0,0,
224,14:20:00,20230206,181764593,722.6,-0.47380309624813244,722.15,723.294,722.23,722.96,0.7300000000000182,1.5466964285714295,2000,3941.93750000002,0,1,0,
225,14:30:00,20230206,181764593,723.92,-0.29199493140873845,722.947,724.463,723.31,725.46,2.150000000000091,1.5430666666666677,1880,3933.30666666669,-1,0,0,
226,14:40:00,20230206,181764593,724.27,-0.24378822103465125,724.121,726.064,723.74,725.55,1.8099999999999454,1.5457522123893819,9452,3924.22123893808,1,0,0,
227,14:50:00,20230206,181764593,725.9,-0.01928268414963175,724.19,725.699,724.95,726.47,1.5199999999999818,1.5469162995594725,5221,3948.5726872247,0,0,1,
228,15:00:00,20230206,181764593,726.13,0.012396011239054577,724.96,726.634,725.38,726.88,1.5,1.5467982456140361,1800,3954.15350877196,-1,0,0,
229,15:10:00,20230206,181764593,724.68,-0.18731750316787144,724.722,725.925,724.1,725.54,1.4399999999999409,1.5465938864628832,2730,3944.74672489086,0,0,-1,
230,15:20:00,20230206,181764593,723.68,-0.3250509613795402,723.6,724.849,723.13,724.46,1.330000000000041,1.5461304347826095,2019,3939.46521739134,0,0,0,
231,15:30:00,20230206,181764593,725.17,-0.11982810864415247,724.444,725.646,724.61,725.73,1.1200000000000045,1.5451948051948061,2627,3931.15151515155,0,0,0,
232,15:40:00,20230206,181764593,722.61,-0.4724257616660171,723.518,724.521,722.49,723.39,0.8999999999999773,1.543362068965518,5023,3925.53017241383,0,0,-1,
233,15:50:00,20230206,181764593,723.83,-0.3043909426477774,723.179,724.45,723.83,724.5,0.6699999999999591,1.5406008583690993,13800,3930.24034334768,1,1,0,
234,09:30:00,20230207,181764593,719.47,-0.9049088204506551,715.81,720.323,716.82,718.95,2.1299999999999955,1.5368803418803423,4749,3972.41880341884,0,0,0,
235,09:40:00,20230207,181764593,717.55,-1.1693570602170693,717.171,719.839,716.22,718.83,2.6100000000000136,1.5394042553191494,1750,3975.72340425536,-1,-1,0,
236,09:50:00,20230207,181764593,718.11,-1.0922263236185266,716.236,718.319,717.41,719.08,1.6700000000000728,1.5439406779661022,1200,3966.2923728814,-1,0,0,
237,10:00:00,20230207,181764593,718.55,-1.0316236020054004,717.76,719.074,716.78,718.83,2.050000000000068,1.5444725738396632,4686,3954.6202531646,0,0,0,
238,10:10:00,20230207,181764593,719.36,-0.9200595008539406,717.723,719.782,718.6,720.18,1.5799999999999272,1.546596638655463,2000,3957.69327731097,0,0,0,
239,10:20:00,20230207,181764593,719.21,-0.9407195195856878,718.145,720.281,718.27,719.55,1.2799999999999727,1.546736401673641,742,3949.50209205026,-1,0,0,
240,10:30:00,20230207,181764593,719.9,-0.8456834334196445,718.475,720.016,718.63,719.9,1.2699999999999818,1.5456250000000007,1880,3936.13750000005,-1,0,0,
241,10:40:00,20230207,181764593,717.58,-1.1652250564707072,717.723,719.226,716.78,718.24,1.4600000000000364,1.5444813278008305,4918,3927.60580912868,0,0,-1,
242,10:50:00,20230207,181764593,717.9,-1.121150349842982,717.378,718.914,717.29,718.5,1.2100000000000364,1.5441322314049593,800,3931.69834710749,-1,0,0,
243,11:00:00,20230207,181764593,718.56,-1.030246267423285,717.253,718.392,718.1,719.08,0.9800000000000182,1.5427572016460913,1868,3918.81069958853,-1,0,1,
244,11:10:00,20230207,181764593,718.03,-1.1032450002754657,717.758,718.91,717.3,718.57,1.2700000000000955,1.5404508196721318,1103,3910.40573770497,-1,0,0,
245,11:20:00,20230207,181764593,716.75,-1.279543826786398,716.552,717.693,716.35,717.18,0.8299999999999272,1.5393469387755112,900,3898.94693877556,-1,0,0,
246,11:30:00,20230207,181764593,717.53,-1.1721117293813001,716.598,717.94,716.99,718.15,1.1599999999999682,1.536463414634147,1434,3886.75609756102,-1,0,0,
247,11:40:00,20230207,181764593,719.52,-0.8980221475400779,717.431,718.769,718.31,719.95,1.6400000000001,1.5349392712550611,3804,3876.82591093122,0,0,1,
248,11:50:00,20230207,181764593,718.75,-1.0040769103630605,718.374,719.823,717.97,719.26,1.2899999999999636,1.5353629032258074,508,3876.53225806456,-1,0,0,
249,12:00:00,20230207,181764593,718.93,-0.979284887884967,717.898,719.028,717.6,718.89,1.2899999999999636,1.5343775100401613,400,3863.0040160643,-1,0,0,
250,12:10:00,20230207,181764593,718.7,-1.0109635832736377,717.747,718.639,718.37,719.05,0.67999999999995,1.5334000000000005,600,3849.15200000004,-1,1,1,
251,12:20:00,20230207,181764593,718.16,-1.0853396507079494,717.683,718.831,717.58,718.64,1.0599999999999454,1.5300000000000005,400,3836.20717131478,-1,0,0,
252,12:30:00,20230207,181764593,717.87,-1.1252823535893284,717.614,718.588,717.61,718.55,0.9399999999999409,1.5281349206349208,945,3822.57142857147,-1,0,0,
253,12:40:00,20230207,181764593,725.21,-0.11431877031567507,720.064,722.124,723.36,725.26,1.8999999999999773,1.525810276679842,2192,3811.19762845854,0,0,1,
254,12:50:00,20230207,181764593,725.66,-0.05233871412043352,724.337,725.907,724.98,726.36,1.3799999999999955,1.527283464566929,2277,3804.82283464571,0,0,0,
255,13:00:00,20230207,181764593,727.96,0.2644482397664141,726.766,728.39,726.61,728.69,2.080000000000041,1.526705882352941,3204,3798.83137254906,0,0,0,
256,13:10:00,20230207,181764593,725,-0.14324279654013053,724.928,727.194,724.28,726.74,2.4600000000000364,1.5288671875,1627,3796.50781250004,-1,-1,0,
257,13:20:00,20230207,181764593,723.33,-0.3732576717536118,723.619,725.464,722.3,724.26,1.9600000000000364,1.532490272373541,2462,3788.06614785996,0,0,-1,
258,13:30:00,20230207,181764593,718.61,-1.023359594512692,717.832,720.336,717.52,719.75,2.230000000000018,1.5341472868217056,2654,3782.92635658918,0,0,0,
259,13:40:00,20230207,181764593,718.04,-1.1018676656933502,717.94,720.115,716.84,719.24,2.3999999999999773,1.5368339768339772,1423,3778.5675675676,-1,-1,0,
260,13:50:00,20230207,181764593,719.26,-0.9338328466751107,718.122,719.988,718.55,720.05,1.5,1.5401538461538464,806,3769.50769230772,-1,0,0,
261,14:00:00,20230207,181764593,723.7,-0.32229629221529366,720.551,722.395,722.46,723.75,1.2899999999999636,1.5400000000000003,1200,3758.15325670501,-1,0,1,
262,14:10:00,20230207,181764593,724.3,-0.23965621728830494,723.258,724.827,723.71,725.24,1.5299999999999727,1.5390458015267177,1300,3748.38931297713,-1,0,0,
263,14:20:00,20230207,181764593,725.23,-0.1115641011514442,724.038,725.291,723.73,725.2,1.4700000000000273,1.5390114068441065,2400,3739.07984790878,0,0,0,
264,14:30:00,20230207,181764593,726.46,0.057848052448910905,725.294,726.334,726.02,726.92,0.8999999999999773,1.53875,2283,3734.00757575761,0,0,1,
265,14:40:00,20230207,181764593,726.11,0.009641342074823705,725.542,726.731,725.35,726.61,1.259999999999991,1.5363396226415094,500,3728.53207547173,-1,0,0,
266,14:50:00,20230207,181764593,726.59,0.07575340201642723,725.502,726.641,725.58,726.51,0.92999999999995,1.5353007518796993,600,3716.39473684214,-1,0,0,
267,15:00:00,20230207,181764593,725.09,-0.13084678530107594,725.547,727.282,724.19,725.93,1.7399999999998954,1.5330337078651683,1687,3704.72284644198,-1,0,-1,
268,15:10:00,20230207,181764593,725.79,-0.03443336455291719,725.11,726.325,725.08,726.78,1.6999999999999318,1.533805970149253,809,3697.19402985078,-1,0,0,
269,15:20:00,20230207,181764593,727.04,0.13773345821166877,725.993,727.113,726.68,727.41,0.7300000000000182,1.5344237918215602,500,3686.45724907067,-1,1,0,
270,15:30:00,20230207,181764593,727.17,0.1556388077791851,726.697,727.538,726.99,727.94,0.9500000000000455,1.5314444444444435,1200,3674.65555555559,-1,0,0,
271,15:40:00,20230207,181764593,728.5,0.3388243072007102,727.846,728.619,728.22,729.13,0.9099999999999682,1.529298892988929,1906,3665.52398523989,0,0,0,
272,15:50:00,20230207,181764593,725.49,-0.07575340201641158,726.822,727.798,725.49,725.5,0.009999999999990905,1.5270220588235284,30995,3659.05514705886,1,1,-1,
273,09:30:00,20230208,181764593,726.28,0.03305602997080176,721.184,726.591,724.92,727.84,2.9200000000000728,1.5214652014652004,3809,3759.18681318685,0,-1,0,
274,09:40:00,20230208,181764593,728.04,0.27546691642333754,725.582,729.254,725.51,728.22,2.7100000000000364,1.5265693430656926,2196,3759.36861313872,0,-1,0,
275,09:50:00,20230208,181764593,728.54,0.34433364552917195,725.385,729.133,726.7,731.46,4.759999999999991,1.5308727272727265,2832,3753.68363636367,0,-1,0,
276,10:00:00,20230208,181764593,727.73,0.2327695443777278,725.727,728.87,726.41,729.44,3.0300000000000864,1.5425724637681153,665,3750.34420289858,-1,-1,0,
277,10:10:00,20230208,181764593,729.56,0.48482177290507156,727.845,730.04,730.12,730.63,0.5099999999999909,1.5479422382671477,1300,3739.20577617331,-1,1,0,
278,10:20:00,20230208,181764593,727.92,0.2589389014379367,727.678,730.151,726.62,728.41,1.7899999999999636,1.544208633093525,2474,3730.43165467628,0,0,0,
279,10:30:00,20230208,181764593,729.21,0.4366150625310001,726.825,728.753,726.99,729.21,2.2200000000000273,1.5450896057347667,1325,3725.92831541221,-1,0,1,
280,10:40:00,20230208,181764593,729.45,0.46967109250180183,728.981,731.343,730.31,732.25,1.9400000000000546,1.5474999999999999,502,3717.3535714286,-1,0,0,
281,10:50:00,20230208,181764593,731.56,0.7602886893284092,730.63,732.425,730.78,732.37,1.5900000000000318,1.548896797153025,2100,3705.9110320285,0,0,0,
282,11:00:00,20230208,181764593,729.71,0.5054817916368345,729.506,731.201,728.49,730.92,2.42999999999995,1.5490425531914895,3300,3700.21631205677,0,-1,0,
283,11:10:00,20230208,181764593,729.86,0.5261418103685817,728.097,729.836,729.31,730.54,1.2300000000000182,1.5521554770318022,2640,3698.80212014138,0,0,1,
284,11:20:00,20230208,181764593,729.07,0.4173323783813683,728.456,729.871,728.2,730.32,2.1200000000000045,1.5510211267605636,4695,3695.07394366201,0,0,0,
285,11:30:00,20230208,181764593,728.41,0.3264282959616557,728.261,729.379,728.64,729.53,0.8899999999999864,1.5530175438596492,1600,3698.58245614039,-1,0,0,
286,11:40:00,20230208,181764593,728.6,0.35259765302188023,728.533,729.494,728.25,729.17,0.9199999999999591,1.5506993006993008,1400,3691.24475524479,-1,0,0,
287,11:50:00,20230208,181764593,729.43,0.46691642333755534,727.809,728.95,728.94,730.43,1.4899999999998954,1.5485017421602787,3198,3683.26132404185,0,0,1,
288,12:00:00,20230208,181764593,727.18,0.15701614236130054,727.035,728.544,726.62,727.78,1.1599999999999682,1.5482986111111106,800,3681.57638888893,-1,0,0,
289,12:10:00,20230208,181764593,725.71,-0.04545204120984068,726.08,727.995,725.66,728.24,2.580000000000041,1.5469550173010373,1000,3671.60553633222,-1,-1,-1,SELL
290,12:20:00,20230208,181764593,726.88,0.11569610489780616,726.465,728.066,726.24,726.84,0.6000000000000227,1.5505172413793098,900,3662.39310344832,-1,1,0,
291,12:30:00,20230208,181764593,726.78,0.10192275907663616,726.164,727.603,726.61,727.99,1.3799999999999955,1.5472508591065286,2267,3652.90034364266,0,0,0,
292,12:40:00,20230208,181764593,727.49,0.199713514406926,726.16,727.902,727.74,728.62,0.8799999999999955,1.5466780821917803,500,3648.15410958909,-1,0,0,
293,12:50:00,20230208,181764593,728.44,0.3305602997080176,727.749,728.806,727.76,729.39,1.6299999999999955,1.5444027303754262,700,3637.40955631404,-1,0,0,
294,13:00:00,20230208,181764593,729.37,0.4586524158448627,728.719,730.326,728.62,730.56,1.9399999999999409,1.54469387755102,1700,3627.41836734698,-1,0,0,
295,13:10:00,20230208,181764593,729.56,0.48482177290507156,728.679,730.668,728.73,730.4,1.669999999999959,1.546033898305084,300,3620.88474576275,-1,0,0,
296,13:20:00,20230208,181764593,728.53,0.34295631094705653,728.501,729.702,727.85,729.47,1.6200000000000045,1.5464527027027017,1800,3609.66554054058,-1,0,0,
297,13:30:00,20230208,181764593,727.01,0.13360145446532248,726.937,728.447,726.31,727.94,1.6300000000001091,1.5467003367003356,1000,3603.57239057243,-1,0,0,
298,13:40:00,20230208,181764593,728.37,0.3209189576331939,727.22,728.632,728.18,729.28,1.1000000000000227,1.5469798657718115,900,3594.83557046984,-1,0,0,
299,13:50:00,20230208,181764593,728.88,0.3911630213211437,728.573,729.39,728.69,729.93,1.2399999999998954,1.5454849498327754,1489,3585.82274247496,-1,0,0,
300,14:00:00,20230208,181764593,729.05,0.4145777092171217,728.26,729.609,727.98,729.51,1.5299999999999727,1.5444666666666658,1639,3578.83333333338,-1,0,0,
301,14:10:00,20230208,181764593,731.81,0.7947220538813264,730.285,731.681,731.16,732.32,1.1600000000000819,1.5444186046511619,1500,3572.38870431898,-1,0,1,
302,14:20:00,20230208,181764593,730.92,0.672139276072943,730.85,731.878,730.44,731.19,0.75,1.5431456953642377,2688,3565.52649006627,0,1,0,
303,14:30:00,20230208,181764593,731.03,0.6872899564762285,730.526,731.606,730.47,731.56,1.0899999999999181,1.5405280528052798,1293,3562.63036303635,-1,0,0,
304,14:40:00,20230208,181764593,730.7,0.6418379152663878,729.696,730.894,730.11,731.29,1.17999999999995,1.539046052631578,1745,3555.16447368426,-1,0,0,
305,14:50:00,20230208,181764593,732.8,0.9310781775108797,730.871,732.021,732.1,732.84,0.7400000000000091,1.5378688524590152,1973,3549.22950819677,0,1,1,
306,15:00:00,20230208,181764593,731.42,0.7410060051787775,730.948,732.058,731.09,731.42,0.32999999999992724,1.5352614379084955,3465,3544.0784313726,0,1,0,
307,15:10:00,20230208,181764593,729.44,0.4682937579196864,729.506,730.578,728.99,729.85,0.8600000000000136,1.531335504885992,1432,3543.82084690559,-1,0,-1,
308,15:20:00,20230208,181764593,729.54,0.4820671037408407,729.984,730.996,729.54,730.67,1.1299999999999955,1.5291558441558426,4905,3536.96428571434,0,0,-1,
309,15:30:00,20230208,181764593,730.6,0.6280645694452178,729.312,730.291,730.07,731.01,0.9399999999999409,1.5278640776699013,4623,3541.39158576057,0,0,1,
310,15:40:00,20230208,181764593,729.87,0.5275191449506971,729.887,730.862,729.14,730.6,1.4600000000000364,1.525967741935482,3779,3544.88064516134,0,0,-1,
311,15:50:00,20230208,181764593,731.52,0.7547793509999474,729.636,730.45,730.88,731.28,0.39999999999997726,1.5257556270096446,20059,3545.63344051452,1,1,1,BUY
312,09:30:00,20230209,181764593,743.42,2.393807503718803,740.638,744.66,741.68,745,3.32000000000005,1.5221474358974343,4989,3598.56089743595,0,-1,0,
313,09:40:00,20230209,181764593,743.27,2.3731474849870557,741.427,743.914,742.11,744.43,2.3199999999999363,1.5278913738019153,6714,3603.00319488823,1,-1,0,
314,09:50:00,20230209,181764593,743.8,2.446146217839236,742.863,744.992,743.26,745.38,2.1200000000000045,1.5304140127388517,9031,3612.91082802553,1,0,0,
315,10:00:00,20230209,181764593,745.37,2.662387747231563,744.577,745.968,743.94,746.16,2.2199999999999136,1.5322857142857125,12548,3630.11111111116,1,0,0,
316,10:10:00,20230209,181764593,744.2,2.5012396011239164,743.914,745.823,743.19,744.43,1.2399999999998954,1.5344620253164536,3000,3658.33227848106,0,0,0,
317,10:20:00,20230209,181764593,739.15,1.8056856371549797,739.369,741.415,736.63,739.26,2.6299999999999955,1.5335331230283888,3672,3656.25552050478,0,-1,-1,
318,10:30:00,20230209,181764593,740.38,1.9750977907553349,739.041,740.397,740.02,740.35,0.3300000000000409,1.5369811320754694,1500,3656.30503144659,-1,1,0,
319,10:40:00,20230209,181764593,741.61,2.14450994435569,740.082,741.72,741.14,742.61,1.4700000000000273,1.5331974921630072,723,3649.5454545455,-1,0,0,
320,10:50:00,20230209,181764593,743.12,2.3524874662553086,741.327,743.607,742.09,744.07,1.9800000000000182,1.532999999999998,1300,3640.40000000005,-1,0,0,
321,11:00:00,20230209,181764593,740.98,2.057737865682339,740.66,742.732,740.65,741.67,1.0199999999999818,1.534392523364484,1600,3633.10903426796,-1,0,0,
322,11:10:00,20230209,181764593,741.83,2.174811305162261,740.087,741.729,741.43,742.22,0.7900000000000773,1.5327950310558986,1500,3626.79503105595,-1,0,1,
323,11:20:00,20230209,181764593,742.57,2.2767340642388967,740.861,742.258,741.7,742.8,1.099999999999909,1.53049535603715,4302,3620.21052631584,0,0,1,
324,11:30:00,20230209,181764593,742.57,2.2767340642388967,741.154,742.504,741.98,742.92,0.9399999999999409,1.5291666666666648,1407,3622.31481481486,-1,0,1,
325,11:40:00,20230209,181764593,741.37,2.1114539143848883,740.939,742.349,740.52,741.37,0.8500000000000227,1.527353846153844,1800,3615.49846153851,-1,0,0,
326,11:50:00,20230209,181764593,741.76,2.165169963087437,740.457,741.482,740.99,741.79,0.7999999999999545,1.52527607361963,803,3609.92944785281,-1,0,1,
327,12:00:00,20230209,181764593,742.13,2.216131342625755,741.136,741.986,741.63,742.17,0.5399999999999636,1.5230581039755333,1740,3601.34556574928,-1,1,1,
328,12:10:00,20230209,181764593,741.97,2.1940939893118925,742.232,743.208,742.05,742.85,0.8000000000000682,1.520060975609754,2900,3595.67073170736,0,0,-1,
329,12:20:00,20230209,181764593,743.57,2.4144675224505656,743.086,744.096,741.92,744.56,2.6399999999999864,1.51787234042553,2513,3593.55623100308,0,-1,0,
330,12:30:00,20230209,181764593,742.21,2.227150019282694,741.021,743.061,740.92,742.58,1.6600000000000819,1.5212727272727256,1582,3590.28181818186,-1,0,0,
331,12:40:00,20230209,181764593,739.46,1.8483830092006053,740.147,741.593,738.04,740.07,2.0300000000000864,1.5216918429003006,2800,3584.21450151062,0,0,-1,
332,12:50:00,20230209,181764593,740.34,1.969588452426873,738.701,739.909,739.51,740.57,1.0600000000000591,1.5232228915662638,1464,3581.8524096386,-1,0,1,
333,13:00:00,20230209,181764593,737.14,1.5288413861495267,736.66,738.279,736.16,738.28,2.1200000000000045,1.521831831831831,2262,3575.49249249254,0,0,0,
334,13:10:00,20230209,181764593,737.07,1.5192000440747186,736.052,737.981,736.28,737.86,1.580000000000041,1.523622754491017,931,3571.55988023957,-1,0,0,
335,13:20:00,20230209,181764593,736.83,1.4861440141039168,736.522,738.275,735.7,737.83,2.1299999999999955,1.5237910447761187,1674,3563.67761194035,-1,0,0,
336,13:30:00,20230209,181764593,738.63,1.7340642388849143,737.573,738.887,737.73,738.63,0.8999999999999773,1.5255952380952373,3600,3558.05357142862,0,0,0,
337,13:40:00,20230209,181764593,737.16,1.5315960553137575,736.813,738.165,736.56,737.75,1.1900000000000546,1.52373887240356,3483,3558.17804154308,0,0,0,
338,13:50:00,20230209,181764593,737.56,1.586689438598422,737.077,738.276,737.07,738.58,1.509999999999991,1.5227514792899401,4300,3557.95562130183,0,0,0,
339,14:00:00,20230209,181764593,737.62,1.59495344609113,737.043,738.655,737.09,738.96,1.8700000000000045,1.522713864306784,1602,3560.14454277292,-1,0,0,
340,14:10:00,20230209,181764593,737.89,1.6321414798082783,737.063,738.158,737.15,737.92,0.7699999999999818,1.5237352941176463,1925,3554.3852941177,0,0,0,
341,14:20:00,20230209,181764593,737.7,1.6059721227480692,736.99,738.405,737,738.63,1.6299999999999955,1.5215249266862163,3885,3549.60703812322,0,0,0,
342,14:30:00,20230209,181764593,739.41,1.8414963362900123,737.352,738.65,738.08,739.71,1.6299999999999955,1.5218421052631572,1167,3550.5877192983,-1,0,1,
343,14:40:00,20230209,181764593,739.5,1.853892347529067,737.888,739.329,739.04,740.02,0.9800000000000182,1.5221574344023316,2018,3543.63848396507,0,0,1,
344,14:50:00,20230209,181764593,739.24,1.818081648394034,738.513,739.789,738.5,740.07,1.57000000000005,1.5205813953488365,2600,3539.20348837215,0,0,0,
345,15:00:00,20230209,181764593,737.45,1.5715387581951523,736.488,738.046,736.63,737.74,1.1100000000000136,1.5207246376811587,4305,3536.48115942035,0,0,0,
346,15:10:00,20230209,181764593,736.46,1.435182634565599,736.139,737.315,735.84,737.03,1.1899999999999409,1.5195375722543345,3007,3538.70231213879,0,0,0,
347,15:20:00,20230209,181764593,733.56,1.0357556057517467,734.917,735.983,732.92,733.93,1.009999999999991,1.5185878962536015,11402,3537.17002881851,1,0,-1,
348,15:30:00,20230209,181764593,732.5,0.8897581400473854,731.637,732.691,731.87,733.15,1.2799999999999727,1.5171264367816084,5789,3559.7701149426,1,0,0,
349,15:40:00,20230209,181764593,733.14,0.9779075533028515,732.157,733.199,731.7,732.92,1.2199999999999136,1.5164469914040106,3003,3566.15759312328,0,0,0,
350,15:50:00,20230209,181764593,732.99,0.9572475345711043,732.932,734.023,732.4,732.99,0.5900000000000318,1.515599999999999,8480,3564.54857142864,1,1,0,
