N-term, time, date, conId, Current Price, Changes in Price (%), Time Average Bid, Time Average Ask, Last Bid Price, Last Ask Price, Bid-Ask Spread, Average Bid-Ask Spread, Current Volume, Average Volume, Volume Condition, Bid-Ask Spread Condition, Last Traded Condition, Order
0,09:30:00,20230130,568735919,129.96875,-0.04806536890170632,130,130,129.9375,129.96875,0.03125,0,6869,0,1,-1,-1,
1,09:40:00,20230130,568735919,130.03125,0,129.96875,129.96875,130,130.03125,0.03125,0.03125,3148,6869,-1,0,1,
2,09:50:00,20230130,568735919,129.96875,-0.04806536890170632,129.9375,129.9375,129.9375,129.96875,0.03125,0.03125,5286,5008.5,0,0,1,
3,10:00:00,20230130,568735919,129.8125,-0.1682287911559721,129.84375,129.84375,129.78125,129.8125,0.03125,0.03125,4612,5101,0,0,-1,
4,10:10:00,20230130,568735919,129.75,-0.21629416005767843,129.8125,129.8125,129.75,129.78125,0.03125,0.03125,5038,4978.75,0,0,-1,
5,10:20:00,20230130,568735919,129.78125,-0.19226147560682527,129.75,129.75,129.78125,129.8125,0.03125,0.03125,3678,4990.6,0,0,1,
6,10:30:00,20230130,568735919,129.8125,-0.1682287911559721,129.75,129.75,129.78125,129.8125,0.03125,0.03125,4955,4771.83333333333,0,0,1,
7,10:40:00,20230130,568735919,129.84375,-0.14419610670511895,129.875,129.875,129.8125,129.84375,0.03125,0.03125,4365,4798,0,0,-1,
8,10:50:00,20230130,568735919,129.84375,-0.14419610670511895,129.84375,129.84375,129.84375,129.875,0.03125,0.03125,2938,4743.875,0,0,0,
9,11:00:00,20230130,568735919,129.75,-0.21629416005767843,129.78125,129.78125,129.75,129.78125,0.03125,0.03125,2206,4543.22222222222,-1,0,-1,
10,11:10:00,20230130,568735919,129.6875,-0.26435952895938475,129.71875,129.71875,129.65625,129.6875,0.03125,0.03125,3152,4309.5,0,0,-1,
11,11:20:00,20230130,568735919,129.6875,-0.26435952895938475,129.65625,129.65625,129.6875,129.71875,0.03125,0.03125,2836,4204.27272727273,0,0,1,
12,11:30:00,20230130,568735919,129.6875,-0.26435952895938475,129.65625,129.65625,129.6875,129.71875,0.03125,0.03125,1153,4090.25,-1,0,1,
13,11:40:00,20230130,568735919,129.75,-0.21629416005767843,129.71875,129.71875,129.71875,129.75,0.03125,0.03125,2131,3864.30769230769,0,0,1,
14,11:50:00,20230130,568735919,129.71875,-0.2403268445085316,129.6875,129.6875,129.6875,129.71875,0.03125,0.03125,1316,3740.5,-1,0,1,
15,12:00:00,20230130,568735919,129.8125,-0.1682287911559721,129.71875,129.71875,129.78125,129.8125,0.03125,0.03125,2245,3578.86666666667,0,0,1,
16,12:10:00,20230130,568735919,129.78125,-0.19226147560682527,129.75,129.75,129.75,129.78125,0.03125,0.03125,1614,3495.5,-1,0,1,
17,12:20:00,20230130,568735919,129.78125,-0.19226147560682527,129.75,129.75,129.75,129.78125,0.03125,0.03125,2112,3384.82352941176,0,0,1,
18,12:30:00,20230130,568735919,129.875,-0.1201634222542658,129.84375,129.84375,129.875,129.90625,0.03125,0.03125,1613,3314.11111111111,-1,0,1,
19,12:40:00,20230130,568735919,129.90625,-0.09613073780341264,129.90625,129.90625,129.875,129.90625,0.03125,0.03125,2734,3224.57894736842,0,0,0,
20,12:50:00,20230130,568735919,129.9375,-0.07209805335255948,129.90625,129.90625,129.90625,129.9375,0.03125,0.03125,1317,3200.05,-1,0,1,
21,13:00:00,20230130,568735919,129.90625,-0.09613073780341264,129.90625,129.90625,129.90625,129.9375,0.03125,0.03125,1130,3110.38095238095,-1,0,0,
22,13:10:00,20230130,568735919,129.875,-0.1201634222542658,129.875,129.875,129.84375,129.875,0.03125,0.03125,2744,3020.36363636363,0,0,0,
23,13:20:00,20230130,568735919,129.84375,-0.14419610670511895,129.875,129.875,129.84375,129.875,0.03125,0.03125,1080,3008.34782608695,-1,0,-1,
24,13:30:00,20230130,568735919,129.875,-0.1201634222542658,129.84375,129.84375,129.84375,129.875,0.03125,0.03125,2040,2927.99999999999,0,0,1,
25,13:40:00,20230130,568735919,129.84375,-0.14419610670511895,129.84375,129.84375,129.8125,129.84375,0.03125,0.03125,1736,2892.47999999999,0,0,0,
26,13:50:00,20230130,568735919,129.78125,-0.19226147560682527,129.8125,129.8125,129.75,129.78125,0.03125,0.03125,3621,2847.99999999999,0,0,-1,
27,14:00:00,20230130,568735919,129.75,-0.21629416005767843,129.78125,129.78125,129.71875,129.75,0.03125,0.03125,6205,2876.62962962962,1,0,-1,
28,14:10:00,20230130,568735919,129.8125,-0.1682287911559721,129.78125,129.78125,129.78125,129.8125,0.03125,0.03125,1868,2995.49999999999,0,0,1,
29,14:20:00,20230130,568735919,129.78125,-0.19226147560682527,129.75,129.75,129.78125,129.8125,0.03125,0.03125,2714,2956.62068965516,0,0,1,
30,14:30:00,20230130,568735919,129.8125,-0.1682287911559721,129.78125,129.78125,129.78125,129.8125,0.03125,0.03125,4340,2948.53333333332,0,0,1,
31,14:40:00,20230130,568735919,129.75,-0.21629416005767843,129.78125,129.78125,129.75,129.78125,0.03125,0.03125,3774,2993.4193548387,0,0,-1,
32,14:50:00,20230130,568735919,129.75,-0.21629416005767843,129.71875,129.71875,129.71875,129.75,0.03125,0.03125,5411,3017.81249999999,1,0,1,
33,15:00:00,20230130,568735919,129.8125,-0.1682287911559721,129.8125,129.8125,129.8125,129.84375,0.03125,0.03125,6412,3090.33333333332,1,0,0,
34,15:10:00,20230130,568735919,129.8125,-0.1682287911559721,129.78125,129.78125,129.78125,129.84375,0.0625,0.03125,2439,3188.02941176469,0,-1,1,
35,15:20:00,20230130,568735919,129.8125,-0.1682287911559721,129.8125,129.8125,129.8125,129.84375,0.03125,0.03214285714285714,1452,3166.62857142856,-1,0,0,
36,15:30:00,20230130,568735919,129.84375,-0.14419610670511895,129.8125,129.8125,129.84375,129.875,0.03125,0.03211805555555555,2024,3118.99999999999,0,0,1,
37,15:40:00,20230130,568735919,129.84375,-0.14419610670511895,129.84375,129.84375,129.84375,129.875,0.03125,0.03209459459459459,1536,3089.4054054054,-1,0,0,
38,15:50:00,20230130,568735919,129.875,-0.1201634222542658,129.84375,129.84375,129.84375,129.875,0.03125,0.032072368421052634,1263,3048.52631578947,-1,0,1,
39,09:30:00,20230131,568735919,129.65625,-0.2883922134102379,129.59375,129.59375,129.625,129.65625,0.03125,0.03205128205128205,7955,3002.74358974359,1,0,1,
40,09:40:00,20230131,568735919,129.6875,-0.26435952895938475,129.6875,129.6875,129.65625,129.6875,0.03125,0.03203125,8532,3126.55,1,0,0,
41,09:50:00,20230131,568735919,129.84375,-0.14419610670511895,129.6875,129.6875,129.8125,129.84375,0.03125,0.03201219512195121,7646,3258.39024390244,1,0,1,
42,10:00:00,20230131,568735919,129.84375,-0.14419610670511895,129.8125,129.8125,129.8125,129.84375,0.03125,0.03199404761904761,6183,3362.85714285714,1,0,1,
43,10:10:00,20230131,568735919,129.90625,-0.09613073780341264,129.84375,129.84375,129.90625,129.9375,0.03125,0.0319767441860465,5763,3428.44186046511,1,0,1,
44,10:20:00,20230131,568735919,130.0625,0.02403268445085316,129.9375,129.9375,130.0625,130.09375,0.03125,0.03196022727272726,4956,3481.49999999999,0,0,1,
45,10:30:00,20230131,568735919,130,-0.02403268445085316,130.0625,130.0625,130,130.03125,0.03125,0.03194444444444443,5499,3514.26666666666,1,0,-1,
46,10:40:00,20230131,568735919,130.0625,0.02403268445085316,129.96875,129.96875,130.03125,130.0625,0.03125,0.03192934782608694,3939,3557.41304347825,0,0,1,
47,10:50:00,20230131,568735919,130.0625,0.02403268445085316,130.09375,130.09375,130.0625,130.09375,0.03125,0.03191489361702126,4839,3565.53191489361,0,0,-1,
48,11:00:00,20230131,568735919,129.96875,-0.04806536890170632,129.9375,129.9375,129.9375,129.96875,0.03125,0.03190104166666665,3584,3592.06249999999,0,0,1,
49,11:10:00,20230131,568735919,129.875,-0.1201634222542658,129.84375,129.84375,129.84375,129.875,0.03125,0.031887755102040796,3286,3591.89795918366,0,0,1,
50,11:20:00,20230131,568735919,129.8125,-0.1682287911559721,129.8125,129.8125,129.78125,129.8125,0.03125,0.03187499999999998,2676,3585.77999999999,0,0,0,
51,11:30:00,20230131,568735919,129.8125,-0.1682287911559721,129.75,129.75,129.78125,129.8125,0.03125,0.03186274509803919,2616,3567.94117647058,0,0,1,
52,11:40:00,20230131,568735919,129.875,-0.1201634222542658,129.8125,129.8125,129.875,129.90625,0.03125,0.031850961538461516,1909,3549.63461538461,0,0,1,
53,11:50:00,20230131,568735919,129.84375,-0.14419610670511895,129.875,129.875,129.84375,129.875,0.03125,0.03183962264150941,2205,3518.67924528301,0,0,-1,
54,12:00:00,20230131,568735919,129.875,-0.1201634222542658,129.8125,129.8125,129.875,129.90625,0.03125,0.031828703703703685,2799,3494.35185185184,0,0,1,
55,12:10:00,20230131,568735919,129.9375,-0.07209805335255948,129.90625,129.90625,129.90625,129.9375,0.03125,0.0318181818181818,3062,3481.70909090908,0,0,1,
56,12:20:00,20230131,568735919,129.90625,-0.09613073780341264,129.9375,129.9375,129.90625,129.9375,0.03125,0.0318080357142857,1857,3474.21428571428,0,0,-1,
57,12:30:00,20230131,568735919,129.96875,-0.04806536890170632,129.9375,129.9375,129.96875,130,0.03125,0.031798245614035076,2073,3445.84210526315,0,0,1,
58,12:40:00,20230131,568735919,130,-0.02403268445085316,129.96875,129.96875,129.96875,130,0.03125,0.031788793103448267,2607,3422.1724137931,0,0,1,
59,12:50:00,20230131,568735919,130,-0.02403268445085316,130,130,130,130.03125,0.03125,0.031779661016949144,4043,3408.35593220339,0,0,0,
60,13:00:00,20230131,568735919,130.0625,0.02403268445085316,130.03125,130.03125,130.03125,130.0625,0.03125,0.031770833333333325,5385,3418.93333333333,1,0,1,
61,13:10:00,20230131,568735919,130.03125,0,130.03125,130.03125,130.03125,130.0625,0.03125,0.03176229508196721,4764,3451.16393442623,0,0,0,
62,13:20:00,20230131,568735919,130.03125,0,130.03125,130.03125,130.03125,130.0625,0.03125,0.03175403225806451,3822,3472.33870967742,0,0,0,
63,13:30:00,20230131,568735919,130.0625,0.02403268445085316,130.03125,130.03125,130.03125,130.0625,0.03125,0.03174603174603174,2511,3477.88888888889,0,0,1,
64,13:40:00,20230131,568735919,130.0625,0.02403268445085316,130.0625,130.0625,130.0625,130.09375,0.03125,0.03173828124999999,3078,3462.78125,0,0,0,
65,13:50:00,20230131,568735919,129.90625,-0.09613073780341264,130,130,129.90625,129.9375,0.03125,0.03173076923076922,15861,3456.86153846154,1,0,-1,
66,14:00:00,20230131,568735919,130,-0.02403268445085316,129.90625,129.90625,129.96875,130,0.03125,0.03172348484848484,10438,3644.80303030303,1,0,1,
67,14:10:00,20230131,568735919,129.96875,-0.04806536890170632,130,130,129.96875,130,0.03125,0.031716417910447756,4697,3746.19402985075,0,0,-1,
68,14:20:00,20230131,568735919,129.96875,-0.04806536890170632,129.96875,129.96875,129.96875,130,0.03125,0.0317095588235294,4364,3760.17647058824,0,0,0,
69,14:30:00,20230131,568735919,130,-0.02403268445085316,130,130,130,130.03125,0.03125,0.03170289855072463,4619,3768.92753623189,0,0,0,
70,14:40:00,20230131,568735919,130.125,0.07209805335255948,129.96875,129.96875,130.09375,130.125,0.03125,0.03169642857142857,12506,3781.07142857143,1,0,1,
71,14:50:00,20230131,568735919,130.59375,0.43258832011535686,130.15625,130.15625,130.5625,130.59375,0.03125,0.03169014084507042,72498,3903.95774647887,1,0,1,
72,15:00:00,20230131,568735919,129.96875,-0.04806536890170632,130.09375,130.09375,129.96875,130,0.03125,0.031684027777777776,25681,4856.65277777777,1,0,-1,
73,15:10:00,20230131,568735919,130.28125,0.19226147560682527,130.1875,130.1875,130.28125,130.3125,0.03125,0.031678082191780824,5068,5141.91780821917,0,0,1,
74,15:20:00,20230131,568735919,130.25,0.1682287911559721,130.21875,130.21875,130.21875,130.25,0.03125,0.0316722972972973,3827,5140.91891891891,0,0,1,
75,15:30:00,20230131,568735919,130.25,0.1682287911559721,130.21875,130.21875,130.21875,130.25,0.03125,0.03166666666666667,3025,5123.39999999999,0,0,1,
76,15:40:00,20230131,568735919,130.21875,0.14419610670511895,130.1875,130.1875,130.1875,130.21875,0.03125,0.031661184210526314,3260,5095.7894736842,0,0,1,
77,15:50:00,20230131,568735919,130.125,0.07209805335255948,130.15625,130.15625,130.125,130.15625,0.03125,0.03165584415584415,1580,5071.94805194804,-1,0,-1,
78,09:30:00,20230201,568735919,130.03125,0,130.125,130.125,130.03125,130.0625,0.03125,0.031650641025641024,8892,5027.17948717948,1,0,-1,
79,09:40:00,20230201,568735919,130.3125,0.21629416005767843,130.125,130.125,130.28125,130.3125,0.03125,0.03164556962025317,7378,5076.10126582278,0,0,1,
80,09:50:00,20230201,568735919,130.1875,0.1201634222542658,130.21875,130.21875,130.1875,130.21875,0.03125,0.031640625,5121,5104.875,0,0,-1,
81,10:00:00,20230201,568735919,130.0625,0.02403268445085316,130.09375,130.09375,130.0625,130.09375,0.03125,0.031635802469135804,7862,5105.07407407408,1,0,-1,
82,10:10:00,20230201,568735919,130.25,0.1682287911559721,130.15625,130.15625,130.25,130.28125,0.03125,0.03163109756097561,4653,5138.69512195123,0,0,1,
83,10:20:00,20230201,568735919,130.34375,0.2403268445085316,130.28125,130.28125,130.34375,130.375,0.03125,0.03162650602409638,1855,5132.84337349399,-1,0,1,
84,10:30:00,20230201,568735919,130.3125,0.21629416005767843,130.28125,130.28125,130.3125,130.34375,0.03125,0.03162202380952381,2715,5093.82142857144,0,0,1,
85,10:40:00,20230201,568735919,130.40625,0.2883922134102379,130.375,130.375,130.375,130.4375,0.0625,0.03161764705882353,3343,5065.83529411766,0,-1,1,
86,10:50:00,20230201,568735919,130.59375,0.43258832011535686,130.40625,130.40625,130.5625,130.59375,0.03125,0.03197674418604651,4700,5045.80232558141,0,0,1,
87,11:00:00,20230201,568735919,130.59375,0.43258832011535686,130.59375,130.59375,130.5625,130.59375,0.03125,0.03196839080459771,6243,5041.82758620691,0,0,0,
88,11:10:00,20230201,568735919,130.71875,0.5287190579187695,130.625,130.625,130.6875,130.71875,0.03125,0.03196022727272728,3800,5055.47727272729,0,0,1,
89,11:20:00,20230201,568735919,130.6875,0.5046863734679163,130.6875,130.6875,130.6875,130.71875,0.03125,0.031952247191011245,3463,5041.37078651687,0,0,0,
90,11:30:00,20230201,568735919,130.6875,0.5046863734679163,130.65625,130.65625,130.6875,130.71875,0.03125,0.03194444444444445,4321,5023.83333333335,0,0,1,
91,11:40:00,20230201,568735919,130.90625,0.6729151646238885,130.8125,130.8125,130.875,130.90625,0.03125,0.03193681318681319,5894,5016.10989010991,0,0,1,
92,11:50:00,20230201,568735919,130.96875,0.7209805335255948,130.90625,130.90625,130.9375,130.96875,0.03125,0.03192934782608696,4198,5025.65217391306,0,0,1,
93,12:00:00,20230201,568735919,130.875,0.6488824801730353,130.875,130.875,130.875,130.90625,0.03125,0.03192204301075269,3551,5016.75268817206,0,0,0,
94,12:10:00,20230201,568735919,130.8125,0.600817111271329,130.8125,130.8125,130.78125,130.84375,0.0625,0.03191489361702128,2680,5001.1595744681,0,-1,0,
95,12:20:00,20230201,568735919,130.75,0.5527517423696227,130.75,130.75,130.71875,130.75,0.03125,0.03223684210526316,3997,4976.72631578949,0,0,0,
96,12:30:00,20230201,568735919,130.78125,0.5767844268204758,130.75,130.75,130.75,130.78125,0.03125,0.03222656250000001,3037,4966.52083333335,0,0,1,
97,12:40:00,20230201,568735919,130.78125,0.5767844268204758,130.78125,130.78125,130.75,130.78125,0.03125,0.03221649484536083,3821,4946.6288659794,0,0,0,
98,12:50:00,20230201,568735919,130.71875,0.5287190579187695,130.6875,130.6875,130.625,130.71875,0.09375,0.03220663265306122,3021,4935.14285714288,0,-1,1,
99,13:00:00,20230201,568735919,130.65625,0.4806536890170632,130.53125,130.53125,130.625,130.65625,0.03125,0.032828282828282825,9127,4915.8080808081,1,0,1,
100,13:10:00,20230201,568735919,130.59375,0.43258832011535686,130.59375,130.59375,130.5625,130.59375,0.03125,0.032812499999999994,4646,4957.92000000002,0,0,0,
101,13:20:00,20230201,568735919,130.59375,0.43258832011535686,130.53125,130.53125,130.5625,130.59375,0.03125,0.03279702970297029,3067,4954.83168316834,0,0,1,
102,13:30:00,20230201,568735919,130.6875,0.5046863734679163,130.5,130.5,130.6875,130.71875,0.03125,0.032781862745098034,6845,4936.32352941179,0,0,1,
103,13:40:00,20230201,568735919,131.40625,1.057438115837539,131.28125,131.28125,131.375,131.40625,0.03125,0.03276699029126213,24263,4954.85436893206,1,0,1,
104,13:50:00,20230201,568735919,131.625,1.225666906993511,131.625,131.625,131.59375,131.65625,0.0625,0.03275240384615384,14294,5140.50961538464,1,-1,0,
105,14:00:00,20230201,568735919,131.5,1.1295361691900985,131.59375,131.59375,131.46875,131.5,0.03125,0.03303571428571428,11520,5227.68571428574,1,0,-1,
106,14:10:00,20230201,568735919,131.59375,1.201634222542658,131.5,131.5,131.5625,131.59375,0.03125,0.0330188679245283,5368,5287.04716981135,0,0,1,
107,14:20:00,20230201,568735919,131.6875,1.2737322758952174,131.625,131.625,131.65625,131.6875,0.03125,0.033002336448598124,6459,5287.80373831779,0,0,1,
108,14:30:00,20230201,568735919,131.5625,1.1776015380918048,131.5625,131.5625,131.5625,131.59375,0.03125,0.032986111111111105,6463,5298.64814814818,0,0,0,
109,14:40:00,20230201,568735919,131.625,1.225666906993511,131.5625,131.5625,131.625,131.65625,0.03125,0.03297018348623852,6233,5309.33027522939,0,0,1,
110,14:50:00,20230201,568735919,131.59375,1.201634222542658,131.5625,131.5625,131.5625,131.59375,0.03125,0.032954545454545445,6530,5317.7272727273,0,0,1,
111,15:00:00,20230201,568735919,131.46875,1.1055034847392453,131.5,131.5,131.46875,131.5,0.03125,0.03293918918918918,4372,5328.64864864868,0,0,-1,
112,15:10:00,20230201,568735919,131.375,1.0334054313866858,131.40625,131.40625,131.375,131.40625,0.03125,0.03292410714285713,3936,5320.10714285717,0,0,-1,
113,15:20:00,20230201,568735919,131.3125,0.9853400624849795,131.375,131.375,131.28125,131.3125,0.03125,0.03290929203539822,3702,5307.85840707967,0,0,-1,
114,15:30:00,20230201,568735919,131.34375,1.0093727469358327,131.3125,131.3125,131.34375,131.375,0.03125,0.032894736842105254,2838,5293.77192982459,0,0,1,
115,15:40:00,20230201,568735919,131.53125,1.1535688536409516,131.40625,131.40625,131.53125,131.5625,0.03125,0.032880434782608686,2770,5272.41739130438,0,0,1,
116,15:50:00,20230201,568735919,131.40625,1.057438115837539,131.4375,131.4375,131.40625,131.4375,0.03125,0.03286637931034482,1090,5250.84482758624,-1,0,-1,
117,09:30:00,20230202,568735919,132.15625,1.6342225426580148,132.0625,132.0625,132.15625,132.1875,0.03125,0.0328525641025641,5442,5215.28205128208,0,0,1,
118,09:40:00,20230202,568735919,132.21875,1.6822879115597211,132.1875,132.1875,132.21875,132.25,0.03125,0.03283898305084745,6169,5217.20338983054,0,0,1,
119,09:50:00,20230202,568735919,132.4375,1.8505167027156932,132.3125,132.3125,132.40625,132.4375,0.03125,0.032825630252100835,6712,5225.2016806723,0,0,1,
120,10:00:00,20230202,568735919,132.5625,1.9466474405191059,132.40625,132.40625,132.53125,132.5625,0.03125,0.032812499999999994,7031,5237.5916666667,0,0,1,
121,10:10:00,20230202,568735919,132.46875,1.8745493871665464,132.53125,132.53125,132.4375,132.46875,0.03125,0.0327995867768595,6459,5252.41322314053,0,0,-1,
122,10:20:00,20230202,568735919,132.3125,1.7543859649122806,132.375,132.375,132.28125,132.3125,0.03125,0.032786885245901634,4082,5262.30327868856,0,0,-1,
123,10:30:00,20230202,568735919,132.25,1.7063205960105743,132.3125,132.3125,132.25,132.28125,0.03125,0.03277439024390243,3592,5252.70731707321,0,0,-1,
124,10:40:00,20230202,568735919,132.1875,1.658255227108868,132.21875,132.21875,132.1875,132.21875,0.03125,0.03276209677419354,3201,5239.31451612907,0,0,-1,
125,10:50:00,20230202,568735919,132.09375,1.5861571737563085,132.15625,132.15625,132.0625,132.09375,0.03125,0.032749999999999994,2978,5223.00800000004,0,0,-1,
126,11:00:00,20230202,568735919,132.09375,1.5861571737563085,132.09375,132.09375,132.0625,132.09375,0.03125,0.03273809523809523,2905,5205.19047619052,0,0,0,
127,11:10:00,20230202,568735919,132.1875,1.658255227108868,132.125,132.125,132.15625,132.1875,0.03125,0.0327263779527559,2747,5187.07874015752,0,0,1,
128,11:20:00,20230202,568735919,132.28125,1.7303532804614274,132.21875,132.21875,132.28125,132.3125,0.03125,0.03271484375,2824,5168.01562500004,0,0,1,
129,11:30:00,20230202,568735919,132.0625,1.5621244893054553,132.21875,132.21875,132.0625,132.09375,0.03125,0.032703488372093026,2585,5149.84496124035,0,0,-1,
130,11:40:00,20230202,568735919,132.03125,1.5380918048546022,132.0625,132.0625,132,132.03125,0.03125,0.032692307692307694,3858,5130.11538461542,0,0,-1,
131,11:50:00,20230202,568735919,131.96875,1.4900264359528959,132.03125,132.03125,131.9375,131.96875,0.03125,0.03268129770992366,3158,5120.40458015271,0,0,-1,
132,12:00:00,20230202,568735919,131.96875,1.4900264359528959,131.96875,131.96875,131.9375,131.96875,0.03125,0.03267045454545454,3285,5105.53787878792,0,0,0,
133,12:10:00,20230202,568735919,131.875,1.4179283826003364,131.875,131.875,131.875,131.90625,0.03125,0.03265977443609022,4904,5091.84962406019,0,0,0,
134,12:20:00,20230202,568735919,131.8125,1.36986301369863,131.875,131.875,131.8125,131.84375,0.03125,0.03264925373134328,3087,5090.44776119407,0,0,-1,
135,12:30:00,20230202,568735919,131.78125,1.345830329247777,131.84375,131.84375,131.78125,131.8125,0.03125,0.032638888888888884,3389,5075.60740740745,0,0,-1,
136,12:40:00,20230202,568735919,131.65625,1.2496995914443643,131.6875,131.6875,131.625,131.65625,0.03125,0.03262867647058823,4640,5063.20588235298,0,0,-1,
137,12:50:00,20230202,568735919,131.75,1.3217976447969237,131.6875,131.6875,131.75,131.78125,0.03125,0.03261861313868613,2732,5060.11678832121,0,0,1,
138,13:00:00,20230202,568735919,131.78125,1.345830329247777,131.6875,131.6875,131.78125,131.8125,0.03125,0.03260869565217391,3542,5043.24637681164,0,0,1,
139,13:10:00,20230202,568735919,131.8125,1.36986301369863,131.78125,131.78125,131.78125,131.8125,0.03125,0.03259892086330935,2474,5032.44604316551,-1,0,1,
140,13:20:00,20230202,568735919,131.78125,1.345830329247777,131.8125,131.8125,131.78125,131.8125,0.03125,0.03258928571428571,2245,5014.17142857147,-1,0,-1,
141,13:30:00,20230202,568735919,131.8125,1.36986301369863,131.78125,131.78125,131.8125,131.84375,0.03125,0.03257978723404255,2238,4994.53191489366,-1,0,1,
142,13:40:00,20230202,568735919,131.625,1.225666906993511,131.75,131.75,131.625,131.65625,0.03125,0.03257042253521126,5094,4975.1197183099,0,0,-1,
143,13:50:00,20230202,568735919,131.75,1.3217976447969237,131.6875,131.6875,131.71875,131.75,0.03125,0.03256118881118881,5240,4975.95104895109,0,0,1,
144,14:00:00,20230202,568735919,131.78125,1.345830329247777,131.6875,131.6875,131.75,131.78125,0.03125,0.03255208333333333,4014,4977.78472222226,0,0,1,
145,14:10:00,20230202,568735919,131.75,1.3217976447969237,131.75,131.75,131.75,131.78125,0.03125,0.03254310344827586,2173,4971.13793103452,-1,0,0,
146,14:20:00,20230202,568735919,131.75,1.3217976447969237,131.75,131.75,131.75,131.78125,0.03125,0.032534246575342464,4181,4951.97260273976,0,0,0,
147,14:30:00,20230202,568735919,131.71875,1.2977649603460706,131.71875,131.71875,131.6875,131.71875,0.03125,0.032525510204081634,2777,4946.7278911565,0,0,0,
148,14:40:00,20230202,568735919,131.6875,1.2737322758952174,131.6875,131.6875,131.65625,131.6875,0.03125,0.03251689189189189,2233,4932.0675675676,-1,0,0,
149,14:50:00,20230202,568735919,131.6875,1.2737322758952174,131.625,131.625,131.6875,131.71875,0.03125,0.03250838926174497,5491,4913.95302013426,0,0,1,
150,15:00:00,20230202,568735919,131.84375,1.3938956981494832,131.75,131.75,131.84375,131.875,0.03125,0.0325,5852,4917.80000000003,0,0,1,
151,15:10:00,20230202,568735919,131.78125,1.345830329247777,131.8125,131.8125,131.78125,131.8125,0.03125,0.032491721854304635,3198,4923.98675496692,0,0,-1,
152,15:20:00,20230202,568735919,131.65625,1.2496995914443643,131.71875,131.71875,131.65625,131.6875,0.03125,0.03248355263157895,1969,4912.6315789474,-1,0,-1,
153,15:30:00,20230202,568735919,131.65625,1.2496995914443643,131.65625,131.65625,131.65625,131.6875,0.03125,0.032475490196078434,839,4893.39215686278,-1,0,0,
154,15:40:00,20230202,568735919,131.71875,1.2977649603460706,131.6875,131.6875,131.6875,131.71875,0.03125,0.03246753246753247,1512,4867.06493506497,-1,0,1,
155,15:50:00,20230202,568735919,131.8125,1.36986301369863,131.75,131.75,131.78125,131.8125,0.03125,0.03245967741935484,1170,4845.41935483874,-1,0,1,
156,09:30:00,20230203,568735919,129.78125,-0.19226147560682527,129.78125,129.8125,129.75,129.78125,0.03125,0.03245192307692308,10249,4821.858974359,1,0,0,
157,09:40:00,20230203,568735919,129.96875,-0.04806536890170632,129.84375,129.875,129.96875,130,0.03125,0.03244426751592357,7088,4856.42675159238,0,0,1,
158,09:50:00,20230203,568735919,129.90625,-0.09613073780341264,129.9375,129.96875,129.875,129.9375,0.0625,0.03243670886075949,5403,4870.55063291142,0,-1,-1,
159,10:00:00,20230203,568735919,130.0625,0.02403268445085316,129.96875,130,130.03125,130.0625,0.03125,0.03262578616352201,6056,4873.89937106921,0,0,1,
160,10:10:00,20230203,568735919,129.9375,-0.07209805335255948,129.96875,130,129.9375,129.96875,0.03125,0.032617187500000006,3593,4881.28750000003,0,0,-1,
161,10:20:00,20230203,568735919,129.875,-0.1201634222542658,129.96875,130,129.875,129.90625,0.03125,0.03260869565217391,3861,4873.28571428574,0,0,-1,
162,10:30:00,20230203,568735919,129.9375,-0.07209805335255948,129.9375,129.96875,129.90625,129.9375,0.03125,0.03260030864197531,4341,4867.03703703706,0,0,0,
163,10:40:00,20230203,568735919,130.0625,0.02403268445085316,130.0625,130.09375,130.0625,130.09375,0.03125,0.0325920245398773,4449,4863.80981595094,0,0,0,
164,10:50:00,20230203,568735919,130.125,0.07209805335255948,130.15625,130.1875,130.09375,130.125,0.03125,0.032583841463414635,4527,4861.2804878049,0,0,-1,
165,11:00:00,20230203,568735919,130.1875,0.1201634222542658,130.15625,130.1875,130.1875,130.21875,0.03125,0.03257575757575758,3638,4859.25454545457,0,0,0,
166,11:10:00,20230203,568735919,130.15625,0.09613073780341264,130.125,130.15625,130.125,130.15625,0.03125,0.03256777108433735,3025,4851.89759036147,0,0,0,
167,11:20:00,20230203,568735919,130.0625,0.02403268445085316,130.09375,130.125,130.0625,130.09375,0.03125,0.03255988023952096,2974,4840.95808383236,0,0,-1,
168,11:30:00,20230203,568735919,130.125,0.07209805335255948,130.09375,130.125,130.125,130.15625,0.03125,0.032552083333333336,3680,4829.84523809526,0,0,0,
169,11:40:00,20230203,568735919,130.09375,0.04806536890170632,130.125,130.15625,130.0625,130.09375,0.03125,0.03254437869822486,2018,4823.04142011836,-1,0,-1,
170,11:50:00,20230203,568735919,130.15625,0.09613073780341264,130.09375,130.125,130.125,130.15625,0.03125,0.03253676470588236,1754,4806.5411764706,-1,0,1,
171,12:00:00,20230203,568735919,130.125,0.07209805335255948,130.09375,130.125,130.09375,130.125,0.03125,0.03252923976608188,2596,4788.69005847954,0,0,0,
172,12:10:00,20230203,568735919,130.125,0.07209805335255948,130.125,130.15625,130.125,130.15625,0.03125,0.032521802325581405,3742,4775.94186046512,0,0,0,
173,12:20:00,20230203,568735919,130.125,0.07209805335255948,130.15625,130.1875,130.125,130.15625,0.03125,0.032514450867052035,1928,4769.96531791908,-1,0,-1,
174,12:30:00,20230203,568735919,130.15625,0.09613073780341264,130.125,130.15625,130.125,130.15625,0.03125,0.03250718390804599,1271,4753.63218390805,-1,0,0,
175,12:40:00,20230203,568735919,130.125,0.07209805335255948,130.09375,130.125,130.09375,130.15625,0.0625,0.032500000000000015,1993,4733.73142857143,-1,-1,0,
176,12:50:00,20230203,568735919,130.09375,0.04806536890170632,130.0625,130.09375,130.09375,130.125,0.03125,0.032670454545454565,1971,4718.15909090909,-1,0,0,
177,13:00:00,20230203,568735919,130.0625,0.02403268445085316,130.03125,130.0625,130.03125,130.0625,0.03125,0.032662429378531095,3362,4702.63841807909,0,0,0,
178,13:10:00,20230203,568735919,130.125,0.07209805335255948,130.0625,130.09375,130.125,130.15625,0.03125,0.03265449438202249,2615,4695.10674157303,0,0,1,
179,13:20:00,20230203,568735919,130.21875,0.14419610670511895,130.1875,130.21875,130.1875,130.21875,0.03125,0.03264664804469276,3387,4683.48603351955,0,0,0,
180,13:30:00,20230203,568735919,130.15625,0.09613073780341264,130.125,130.15625,130.125,130.15625,0.03125,0.032638888888888905,4163,4676.28333333333,0,0,0,
181,13:40:00,20230203,568735919,130.15625,0.09613073780341264,130.125,130.15625,130.15625,130.1875,0.03125,0.03263121546961328,3130,4673.44751381215,0,0,0,
182,13:50:00,20230203,568735919,130.0625,0.02403268445085316,130.0625,130.09375,130.03125,130.0625,0.03125,0.03262362637362639,10767,4664.96703296703,1,0,0,
183,14:00:00,20230203,568735919,130.0625,0.02403268445085316,130.0625,130.09375,130.03125,130.0625,0.03125,0.03261612021857925,2168,4698.31147540983,-1,0,0,
184,14:10:00,20230203,568735919,130.0625,0.02403268445085316,130,130.03125,130.03125,130.0625,0.03125,0.032608695652173926,4427,4684.55978260869,0,0,1,
185,14:20:00,20230203,568735919,130.03125,0,130.03125,130.0625,130.03125,130.0625,0.03125,0.032601351351351365,1563,4683.16756756756,-1,0,0,
186,14:30:00,20230203,568735919,130.03125,0,130.03125,130.0625,130.03125,130.0625,0.03125,0.03259408602150539,3127,4666.39247311827,0,0,0,
187,14:40:00,20230203,568735919,130.03125,0,130.03125,130.0625,130.03125,130.0625,0.03125,0.03258689839572194,1634,4658.16042780748,-1,0,0,
188,14:50:00,20230203,568735919,130.0625,0.02403268445085316,130.03125,130.0625,130.03125,130.0625,0.03125,0.03257978723404256,4347,4642.0744680851,0,0,0,
189,15:00:00,20230203,568735919,130.0625,0.02403268445085316,130.03125,130.0625,130.0625,130.09375,0.03125,0.03257275132275134,3828,4640.51322751322,0,0,0,
190,15:10:00,20230203,568735919,130.15625,0.09613073780341264,130.09375,130.125,130.125,130.15625,0.03125,0.03256578947368422,2318,4636.23684210526,-1,0,1,
191,15:20:00,20230203,568735919,130.15625,0.09613073780341264,130.125,130.15625,130.15625,130.1875,0.03125,0.03255890052356022,890,4624.09947643979,-1,0,0,
192,15:30:00,20230203,568735919,130.21875,0.14419610670511895,130.15625,130.1875,130.21875,130.25,0.03125,0.03255208333333334,1026,4604.65104166667,-1,0,1,
193,15:40:00,20230203,568735919,130.1875,0.1201634222542658,130.1875,130.21875,130.1875,130.21875,0.03125,0.03254533678756478,1085,4586.10880829016,-1,0,0,
194,15:50:00,20230203,568735919,130.15625,0.09613073780341264,130.15625,130.1875,130.125,130.15625,0.03125,0.03253865979381444,1164,4568.06185567011,-1,0,0,
195,09:30:00,20230206,568735919,129.1875,-0.6488824801730353,129.15625,129.1875,129.1875,129.21875,0.03125,0.03253205128205129,4043,4550.60512820514,0,0,0,
196,09:40:00,20230206,568735919,129.15625,-0.6729151646238885,129.1875,129.21875,129.15625,129.1875,0.03125,0.03252551020408164,2568,4548.01530612246,0,0,-1,
197,09:50:00,20230206,568735919,129.15625,-0.6729151646238885,129.15625,129.1875,129.15625,129.1875,0.03125,0.03251903553299493,2738,4537.96446700509,0,0,0,
198,10:00:00,20230206,568735919,129.1875,-0.6488824801730353,129.1875,129.21875,129.15625,129.1875,0.03125,0.032512626262626264,5242,4528.87373737375,0,0,0,
199,10:10:00,20230206,568735919,129.21875,-0.6248497957221821,129.21875,129.25,129.1875,129.21875,0.03125,0.032506281407035174,3587,4532.45728643217,0,0,0,
200,10:20:00,20230206,568735919,129.1875,-0.6488824801730353,129.21875,129.25,129.1875,129.21875,0.03125,0.032499999999999994,3021,4527.73000000001,0,0,-1,
201,10:30:00,20230206,568735919,129.15625,-0.6729151646238885,129.1875,129.21875,129.15625,129.1875,0.03125,0.03249378109452736,2432,4520.23383084578,0,0,-1,
202,10:40:00,20230206,568735919,129.15625,-0.6729151646238885,129.15625,129.1875,129.125,129.15625,0.03125,0.03248762376237623,3295,4509.89603960397,0,0,0,
203,10:50:00,20230206,568735919,129.125,-0.6969478490747416,129.125,129.15625,129.09375,129.125,0.03125,0.03248152709359606,3648,4503.91133004927,0,0,0,
204,11:00:00,20230206,568735919,129,-0.7930785868781542,129.0625,129.09375,129,129.03125,0.03125,0.03247549019607843,2911,4499.71568627452,0,0,-1,
205,11:10:00,20230206,568735919,129.03125,-0.7690459024273011,129.03125,129.0625,129,129.03125,0.03125,0.032469512195121945,2401,4491.96585365855,0,0,0,
206,11:20:00,20230206,568735919,129,-0.7930785868781542,128.96875,129,128.96875,129,0.03125,0.0324635922330097,3428,4481.8155339806,0,0,0,
207,11:30:00,20230206,568735919,129.0625,-0.7450132179764479,129,129.03125,129.0625,129.09375,0.03125,0.032457729468599025,2720,4476.72463768118,0,0,1,
208,11:40:00,20230206,568735919,129.03125,-0.7690459024273011,129.0625,129.09375,129,129.03125,0.03125,0.032451923076923066,3403,4468.27884615387,0,0,-1,
209,11:50:00,20230206,568735919,129,-0.7930785868781542,128.96875,129,129,129.03125,0.03125,0.03244617224880381,3378,4463.18181818184,0,0,0,
210,12:00:00,20230206,568735919,129.0625,-0.7450132179764479,129,129.03125,129.0625,129.09375,0.03125,0.03244047619047617,4083,4458.01428571431,0,0,1,
211,12:10:00,20230206,568735919,129,-0.7930785868781542,129,129.03125,128.96875,129,0.03125,0.032434834123222726,1548,4456.23696682467,-1,0,0,
212,12:20:00,20230206,568735919,128.96875,-0.8171112713290074,128.9375,128.96875,128.96875,129,0.03125,0.03242924528301885,2008,4442.51886792455,-1,0,0,
213,12:30:00,20230206,568735919,129,-0.7930785868781542,129,129.03125,128.96875,129,0.03125,0.032423708920187776,1463,4431.08920187796,-1,0,0,
214,12:40:00,20230206,568735919,129.03125,-0.7690459024273011,129,129.03125,129.03125,129.0625,0.03125,0.03241822429906541,2197,4417.21962616825,-1,0,0,
215,12:50:00,20230206,568735919,129.03125,-0.7690459024273011,129.03125,129.0625,129.03125,129.0625,0.03125,0.03241279069767441,2512,4406.89302325584,0,0,0,
216,13:00:00,20230206,568735919,129.15625,-0.6729151646238885,129.09375,129.125,129.125,129.15625,0.03125,0.03240740740740739,2370,4398.1203703704,0,0,1,
217,13:10:00,20230206,568735919,129.125,-0.6969478490747416,129.125,129.15625,129.125,129.15625,0.03125,0.03240207373271888,1837,4388.77419354842,-1,0,0,
218,13:20:00,20230206,568735919,129.125,-0.6969478490747416,129.09375,129.125,129.125,129.15625,0.03125,0.03239678899082568,1288,4377.06880733948,-1,0,0,
219,13:30:00,20230206,568735919,129.09375,-0.7209805335255948,129.09375,129.125,129.0625,129.09375,0.03125,0.03239155251141552,2496,4362.96347031966,0,0,0,
220,13:40:00,20230206,568735919,129.0625,-0.7450132179764479,129.03125,129.0625,129.03125,129.0625,0.03125,0.03238636363636363,3008,4354.4772727273,0,0,0,
221,13:50:00,20230206,568735919,129,-0.7930785868781542,129.03125,129.0625,129,129.03125,0.03125,0.03238122171945701,5186,4348.38461538464,0,0,-1,
222,14:00:00,20230206,568735919,129.0625,-0.7450132179764479,129.03125,129.0625,129.03125,129.0625,0.03125,0.03237612612612612,3791,4352.15765765768,0,0,0,
223,14:10:00,20230206,568735919,129,-0.7930785868781542,129.03125,129.0625,129,129.03125,0.03125,0.03237107623318385,3178,4349.6412556054,0,0,-1,
224,14:20:00,20230206,568735919,129.0625,-0.7450132179764479,129,129.03125,129.03125,129.0625,0.03125,0.032366071428571425,1875,4344.41071428573,-1,0,1,
225,14:30:00,20230206,568735919,128.96875,-0.8171112713290074,128.96875,129,128.96875,129,0.03125,0.03236111111111111,5640,4333.43555555557,0,0,0,
226,14:40:00,20230206,568735919,129.0625,-0.7450132179764479,129.03125,129.0625,129.0625,129.09375,0.03125,0.03235619469026548,4261,4339.21681415931,0,0,0,
227,14:50:00,20230206,568735919,129.0625,-0.7450132179764479,129,129.03125,129.03125,129.0625,0.03125,0.03235132158590308,4357,4338.87224669605,0,0,1,
228,15:00:00,20230206,568735919,128.90625,-0.8651766402307137,128.96875,129,128.90625,128.9375,0.03125,0.032346491228070165,6287,4338.95175438598,0,0,-1,
229,15:10:00,20230206,568735919,128.90625,-0.8651766402307137,128.90625,128.9375,128.90625,128.9375,0.03125,0.03234170305676855,2053,4347.45851528386,-1,0,0,
230,15:20:00,20230206,568735919,128.9375,-0.8411439557798606,128.90625,128.9375,128.90625,128.9375,0.03125,0.03233695652173912,1199,4337.48260869567,-1,0,0,
231,15:30:00,20230206,568735919,128.9375,-0.8411439557798606,128.90625,128.9375,128.9375,128.96875,0.03125,0.032332251082251066,1644,4323.89610389612,-1,0,0,
232,15:40:00,20230206,568735919,129,-0.7930785868781542,128.96875,129,128.96875,129,0.03125,0.03232758620689654,2230,4312.34482758622,0,0,0,
233,15:50:00,20230206,568735919,129,-0.7930785868781542,128.96875,129,128.96875,129,0.03125,0.03232296137339055,1686,4303.4077253219,-1,0,0,
234,09:30:00,20230207,568735919,128.84375,-0.91324200913242,128.84375,128.875,128.8125,128.84375,0.03125,0.032318376068376065,3420,4292.22222222223,0,0,0,
235,09:40:00,20230207,568735919,129,-0.7930785868781542,128.90625,128.9375,128.96875,129,0.03125,0.03231382978723404,6220,4288.51063829788,0,0,1,
236,09:50:00,20230207,568735919,129.0625,-0.7450132179764479,129.03125,129.0625,129.03125,129.0625,0.03125,0.0323093220338983,8039,4296.69491525424,1,0,0,
237,10:00:00,20230207,568735919,129.125,-0.6969478490747416,129.03125,129.0625,129.09375,129.125,0.03125,0.0323048523206751,4572,4312.48523206751,0,0,1,
238,10:10:00,20230207,568735919,129.0625,-0.7450132179764479,129.03125,129.0625,129.03125,129.0625,0.03125,0.03230042016806722,2484,4313.5756302521,0,0,0,
239,10:20:00,20230207,568735919,128.96875,-0.8171112713290074,128.96875,129,128.96875,129,0.03125,0.032296025104602506,3178,4305.92050209205,0,0,0,
240,10:30:00,20230207,568735919,128.875,-0.8892093246815669,128.9375,128.96875,128.875,128.90625,0.03125,0.03229166666666666,4274,4301.22083333333,0,0,-1,
241,10:40:00,20230207,568735919,128.875,-0.8892093246815669,128.90625,128.9375,128.875,128.90625,0.03125,0.032287344398340245,6490,4301.10788381742,1,0,-1,
242,10:50:00,20230207,568735919,128.8125,-0.9372746935832732,128.875,128.90625,128.8125,128.84375,0.03125,0.032283057851239666,3865,4310.15289256198,0,0,-1,
243,11:00:00,20230207,568735919,128.8125,-0.9372746935832732,128.84375,128.875,128.78125,128.8125,0.03125,0.03227880658436214,3334,4308.32098765432,0,0,-1,
244,11:10:00,20230207,568735919,128.6875,-1.0334054313866858,128.75,128.78125,128.6875,128.71875,0.03125,0.03227459016393443,1926,4304.32786885246,-1,0,-1,
245,11:20:00,20230207,568735919,128.65625,-1.057438115837539,128.65625,128.6875,128.65625,128.6875,0.03125,0.03227040816326531,2640,4294.62040816327,0,0,0,
246,11:30:00,20230207,568735919,128.6875,-1.0334054313866858,128.65625,128.6875,128.6875,128.71875,0.03125,0.03226626016260163,3674,4287.8943089431,0,0,0,
247,11:40:00,20230207,568735919,129,-0.7930785868781542,128.84375,128.875,128.96875,129,0.03125,0.03226214574898786,12899,4285.4089068826,1,0,1,
248,11:50:00,20230207,568735919,129.1875,-0.6488824801730353,129.15625,129.1875,129.15625,129.1875,0.03125,0.03225806451612904,11904,4320.14112903227,1,0,0,
249,12:00:00,20230207,568735919,129.0625,-0.7450132179764479,129.125,129.15625,129.03125,129.0625,0.03125,0.032254016064257034,12010,4350.59839357431,1,0,-1,
250,12:10:00,20230207,568735919,128.96875,-0.8171112713290074,128.9375,129,128.96875,129,0.03125,0.03225000000000001,10507,4381.23600000001,1,0,0,
251,12:20:00,20230207,568735919,128.75,-0.9853400624849795,128.84375,128.875,128.71875,128.75,0.03125,0.032246015936254986,6537,4405.64143426296,0,0,-1,
252,12:30:00,20230207,568735919,128.65625,-1.057438115837539,128.59375,128.625,128.625,128.65625,0.03125,0.032242063492063495,9437,4414.09920634922,1,0,1,
253,12:40:00,20230207,568735919,128.40625,-1.2496995914443643,128.53125,128.5625,128.40625,128.4375,0.03125,0.03223814229249012,5699,4433.95256916997,0,0,-1,
254,12:50:00,20230207,568735919,128.5625,-1.1295361691900985,128.53125,128.5625,128.5625,128.59375,0.03125,0.032234251968503935,3517,4438.93307086615,0,0,0,
255,13:00:00,20230207,568735919,128.46875,-1.201634222542658,128.5,128.53125,128.4375,128.46875,0.03125,0.03223039215686274,2780,4435.31764705883,0,0,-1,
256,13:10:00,20230207,568735919,128.4375,-1.225666906993511,128.46875,128.5,128.4375,128.46875,0.03125,0.0322265625,7777,4428.85156250001,1,0,-1,
257,13:20:00,20230207,568735919,128.34375,-1.2977649603460706,128.34375,128.375,128.3125,128.34375,0.03125,0.03222276264591439,6710,4441.87937743192,1,0,0,
258,13:30:00,20230207,568735919,128.40625,-1.2496995914443643,128.3125,128.34375,128.40625,128.4375,0.03125,0.03221899224806201,6578,4450.67054263567,0,0,1,
259,13:40:00,20230207,568735919,128.46875,-1.201634222542658,128.40625,128.4375,128.4375,128.46875,0.03125,0.032215250965250956,4553,4458.88416988418,0,0,1,
260,13:50:00,20230207,568735919,128.375,-1.2737322758952174,128.40625,128.4375,128.375,128.40625,0.03125,0.03221153846153845,5923,4459.24615384616,0,0,-1,
261,14:00:00,20230207,568735919,128.28125,-1.345830329247777,128.34375,128.375,128.28125,128.3125,0.03125,0.032207854406130255,4143,4464.85440613027,0,0,-1,
262,14:10:00,20230207,568735919,128.3125,-1.3217976447969237,128.3125,128.34375,128.28125,128.3125,0.03125,0.03220419847328243,2893,4463.62595419847,0,0,0,
263,14:20:00,20230207,568735919,128.3125,-1.3217976447969237,128.28125,128.3125,128.28125,128.3125,0.03125,0.03220057034220531,1491,4457.65399239543,-1,0,0,
264,14:30:00,20230207,568735919,128.3125,-1.3217976447969237,128.3125,128.34375,128.3125,128.34375,0.03125,0.03219696969696969,3417,4446.41666666666,0,0,0,
265,14:40:00,20230207,568735919,128.34375,-1.2977649603460706,128.34375,128.375,128.3125,128.34375,0.03125,0.03219339622641509,1859,4442.53207547169,-1,0,0,
266,14:50:00,20230207,568735919,128.3125,-1.3217976447969237,128.34375,128.375,128.3125,128.34375,0.03125,0.03218984962406014,7680,4432.81954887217,1,0,-1,
267,15:00:00,20230207,568735919,128.1875,-1.4179283826003364,128.21875,128.25,128.1875,128.21875,0.03125,0.03218632958801498,10378,4444.98127340823,1,0,-1,
268,15:10:00,20230207,568735919,128.21875,-1.3938956981494832,128.1875,128.21875,128.1875,128.21875,0.03125,0.03218283582089552,4304,4467.11940298506,0,0,0,
269,15:20:00,20230207,568735919,128.28125,-1.345830329247777,128.25,128.28125,128.25,128.28125,0.03125,0.03217936802973977,1026,4466.5130111524,-1,0,0,
270,15:30:00,20230207,568735919,128.25,-1.36986301369863,128.25,128.28125,128.25,128.28125,0.03125,0.03217592592592593,3279,4453.77037037035,0,0,0,
271,15:40:00,20230207,568735919,128.21875,-1.3938956981494832,128.25,128.28125,128.21875,128.25,0.03125,0.03217250922509225,2428,4449.43542435422,0,0,-1,
272,15:50:00,20230207,568735919,128.3125,-1.3217976447969237,128.25,128.28125,128.28125,128.3125,0.03125,0.03216911764705883,1436,4442.00367647056,-1,0,1,
273,09:30:00,20230208,568735919,128.0625,-1.514059120403749,128,128.03125,128.0625,128.09375,0.03125,0.03216575091575092,4242,4430.99267399265,0,0,1,
274,09:40:00,20230208,568735919,128.09375,-1.4900264359528959,128,128.03125,128.0625,128.09375,0.03125,0.032162408759124086,3651,4430.30291970801,0,0,1,
275,09:50:00,20230208,568735919,128.0625,-1.514059120403749,128.0625,128.09375,128.03125,128.0625,0.03125,0.03215909090909091,2691,4427.46909090907,0,0,0,
276,10:00:00,20230208,568735919,128.15625,-1.4419610670511895,128.0625,128.09375,128.125,128.15625,0.03125,0.03215579710144927,3335,4421.17753623186,0,0,1,
277,10:10:00,20230208,568735919,128.09375,-1.4900264359528959,128.09375,128.125,128.09375,128.125,0.03125,0.03215252707581227,6165,4417.25631768951,0,0,0,
278,10:20:00,20230208,568735919,128.03125,-1.5380918048546022,128.03125,128.0625,128,128.03125,0.03125,0.03214928057553957,3646,4423.5431654676,0,0,0,
279,10:30:00,20230208,568735919,128.0625,-1.514059120403749,128,128.03125,128.03125,128.0625,0.03125,0.03214605734767025,2704,4420.75627240141,0,0,1,
280,10:40:00,20230208,568735919,127.96875,-1.5861571737563085,127.96875,128,127.9375,128,0.0625,0.03214285714285715,4318,4414.62499999998,0,-1,0,
281,10:50:00,20230208,568735919,128.03125,-1.5380918048546022,128,128.03125,128.03125,128.0625,0.03125,0.0322508896797153,3937,4414.28113879002,0,0,0,
282,11:00:00,20230208,568735919,128.21875,-1.3938956981494832,128.15625,128.1875,128.1875,128.21875,0.03125,0.032247340425531915,3876,4412.58865248225,0,0,1,
283,11:10:00,20230208,568735919,128.28125,-1.345830329247777,128.25,128.28125,128.28125,128.3125,0.03125,0.03224381625441696,2441,4410.69257950528,0,0,0,
284,11:20:00,20230208,568735919,128.375,-1.2737322758952174,128.34375,128.375,128.375,128.40625,0.03125,0.03224031690140845,3541,4403.7570422535,0,0,0,
285,11:30:00,20230208,568735919,128.3125,-1.3217976447969237,128.3125,128.34375,128.3125,128.34375,0.03125,0.03223684210526316,3914,4400.72982456138,0,0,0,
286,11:40:00,20230208,568735919,128.34375,-1.2977649603460706,128.3125,128.34375,128.34375,128.375,0.03125,0.032233391608391615,3397,4399.02797202795,0,0,0,
287,11:50:00,20230208,568735919,128.34375,-1.2977649603460706,128.34375,128.375,128.34375,128.375,0.03125,0.03222996515679443,4176,4395.53658536583,0,0,0,
288,12:00:00,20230208,568735919,128.78125,-0.9613073780341264,128.625,128.65625,128.75,128.78125,0.03125,0.03222656250000001,18586,4394.77430555553,1,0,1,
289,12:10:00,20230208,568735919,128.59375,-1.1055034847392453,128.6875,128.71875,128.59375,128.625,0.03125,0.03222318339100347,6180,4443.87889273354,0,0,-1,
290,12:20:00,20230208,568735919,128.46875,-1.201634222542658,128.53125,128.5625,128.4375,128.46875,0.03125,0.0322198275862069,5455,4449.86551724136,0,0,-1,
291,12:30:00,20230208,568735919,128.40625,-1.2496995914443643,128.4375,128.46875,128.40625,128.4375,0.03125,0.03221649484536083,6118,4453.31958762885,0,0,-1,
292,12:40:00,20230208,568735919,128.375,-1.2737322758952174,128.34375,128.375,128.375,128.40625,0.03125,0.03221318493150685,6178,4459.02054794519,0,0,0,
293,12:50:00,20230208,568735919,128.40625,-1.2496995914443643,128.375,128.40625,128.40625,128.4375,0.03125,0.0322098976109215,2418,4464.88737201364,0,0,0,
294,13:00:00,20230208,568735919,128.40625,-1.2496995914443643,128.375,128.40625,128.375,128.40625,0.03125,0.03220663265306122,2397,4457.92517006802,0,0,0,
295,13:10:00,20230208,568735919,128.4375,-1.225666906993511,128.40625,128.4375,128.40625,128.4375,0.03125,0.03220338983050847,3516,4450.93898305084,0,0,0,
296,13:20:00,20230208,568735919,128.3125,-1.3217976447969237,128.34375,128.375,128.3125,128.34375,0.03125,0.032200168918918914,1023,4447.7804054054,-1,0,-1,
297,13:30:00,20230208,568735919,128.40625,-1.2496995914443643,128.375,128.40625,128.375,128.40625,0.03125,0.032196969696969696,4200,4436.24915824915,0,0,0,
298,13:40:00,20230208,568735919,128.3125,-1.3217976447969237,128.34375,128.375,128.3125,128.34375,0.03125,0.032193791946308725,3209,4435.45637583892,0,0,-1,
299,13:50:00,20230208,568735919,128.34375,-1.2977649603460706,128.3125,128.34375,128.3125,128.34375,0.03125,0.032190635451505016,9077,4431.35451505016,1,0,0,
300,14:00:00,20230208,568735919,128.375,-1.2737322758952174,128.375,128.40625,128.34375,128.375,0.03125,0.0321875,4678,4446.83999999999,0,0,0,
301,14:10:00,20230208,568735919,128.34375,-1.2977649603460706,128.375,128.40625,128.34375,128.375,0.03125,0.032184385382059796,4535,4447.60797342192,0,0,-1,
302,14:20:00,20230208,568735919,128.40625,-1.2496995914443643,128.40625,128.4375,128.40625,128.4375,0.03125,0.03218129139072847,3961,4447.89735099337,0,0,0,
303,14:30:00,20230208,568735919,128.5,-1.1776015380918048,128.4375,128.46875,128.5,128.53125,0.03125,0.03217821782178217,3047,4446.2904290429,0,0,1,
304,14:40:00,20230208,568735919,128.625,-1.0814708002883922,128.5625,128.59375,128.625,128.65625,0.03125,0.03217516447368421,2878,4441.6875,0,0,1,
305,14:50:00,20230208,568735919,128.71875,-1.0093727469358327,128.59375,128.625,128.6875,128.71875,0.03125,0.03217213114754098,8616,4436.5606557377,1,0,1,
306,15:00:00,20230208,568735919,128.78125,-0.9613073780341264,128.71875,128.75,128.75,128.78125,0.03125,0.03216911764705882,4643,4450.21895424836,0,0,1,
307,15:10:00,20230208,568735919,128.78125,-0.9613073780341264,128.75,128.78125,128.75,128.78125,0.03125,0.03216612377850162,2291,4450.84690553745,0,0,0,
308,15:20:00,20230208,568735919,128.8125,-0.9372746935832732,128.78125,128.8125,128.8125,128.84375,0.03125,0.032163149350649345,1927,4443.83441558441,-1,0,0,
309,15:30:00,20230208,568735919,128.875,-0.8892093246815669,128.8125,128.84375,128.84375,128.875,0.03125,0.03216019417475728,2237,4435.68932038834,0,0,1,
310,15:40:00,20230208,568735919,128.84375,-0.91324200913242,128.84375,128.875,128.8125,128.875,0.0625,0.03215725806451613,2407,4428.59677419354,0,-1,0,
311,15:50:00,20230208,568735919,128.875,-0.8892093246815669,128.84375,128.875,128.875,128.90625,0.03125,0.0322548231511254,1098,4422.0964630225,-1,0,0,
312,09:30:00,20230209,568735919,128.9375,-0.8411439557798606,128.90625,128.9375,128.90625,128.9375,0.03125,0.03225160256410256,3176,4411.4423076923,0,0,0,
313,09:40:00,20230209,568735919,128.9375,-0.8411439557798606,128.9375,128.96875,128.9375,128.96875,0.03125,0.032248402555910535,4780,4407.49520766772,0,0,0,
314,09:50:00,20230209,568735919,128.90625,-0.8651766402307137,128.96875,129,128.90625,128.9375,0.03125,0.0322452229299363,1832,4408.68152866241,-1,0,-1,
315,10:00:00,20230209,568735919,129.03125,-0.7690459024273011,128.9375,128.96875,129.03125,129.0625,0.03125,0.03224206349206348,2761,4400.50158730158,0,0,1,
316,10:10:00,20230209,568735919,129.0625,-0.7450132179764479,129.0625,129.09375,129.0625,129.09375,0.03125,0.0322389240506329,3441,4395.31329113923,0,0,0,
317,10:20:00,20230209,568735919,129.125,-0.6969478490747416,129.09375,129.125,129.09375,129.125,0.03125,0.03223580441640378,2073,4392.30283911671,-1,0,0,
318,10:30:00,20230209,568735919,129.15625,-0.6729151646238885,129.15625,129.1875,129.15625,129.1875,0.03125,0.03223270440251572,3246,4385.00943396225,0,0,0,
319,10:40:00,20230209,568735919,129.21875,-0.6248497957221821,129.15625,129.1875,129.1875,129.21875,0.03125,0.03222962382445141,2914,4381.43887147334,0,0,1,
320,10:50:00,20230209,568735919,129.34375,-0.5287190579187695,129.28125,129.3125,129.3125,129.34375,0.03125,0.0322265625,5849,4376.85312499999,0,0,1,
321,11:00:00,20230209,568735919,129.28125,-0.5767844268204758,129.3125,129.34375,129.25,129.28125,0.03125,0.03222352024922118,3468,4381.43925233644,0,0,-1,
322,11:10:00,20230209,568735919,129.15625,-0.6729151646238885,129.15625,129.1875,129.125,129.15625,0.03125,0.03222049689440993,4708,4378.60248447204,0,0,0,
323,11:20:00,20230209,568735919,129.125,-0.6969478490747416,129.125,129.15625,129.09375,129.125,0.03125,0.03221749226006191,2475,4379.62229102166,0,0,0,
324,11:30:00,20230209,568735919,129.09375,-0.7209805335255948,129.09375,129.125,129.09375,129.125,0.03125,0.0322145061728395,3280,4373.74382716048,0,0,0,
325,11:40:00,20230209,568735919,129.0625,-0.7450132179764479,129.03125,129.0625,129.0625,129.09375,0.03125,0.03221153846153845,2697,4370.37846153845,0,0,0,
326,11:50:00,20230209,568735919,129.125,-0.6969478490747416,129.0625,129.09375,129.125,129.15625,0.03125,0.0322085889570552,4551,4365.245398773,0,0,1,
327,12:00:00,20230209,568735919,128.71875,-1.0093727469358327,128.78125,128.8125,128.6875,128.71875,0.03125,0.032205657492354725,22311,4365.81345565749,1,0,-1,
328,12:10:00,20230209,568735919,128.59375,-1.1055034847392453,128.59375,128.625,128.5625,128.59375,0.03125,0.032202743902439004,7434,4420.5243902439,1,0,0,
329,12:20:00,20230209,568735919,128.4375,-1.225666906993511,128.53125,128.5625,128.4375,128.46875,0.03125,0.032199848024316094,7870,4429.6838905775,1,0,-1,
330,12:30:00,20230209,568735919,128.5,-1.1776015380918048,128.5,128.53125,128.46875,128.5,0.03125,0.032196969696969675,4968,4440.10909090908,0,0,0,
331,12:40:00,20230209,568735919,128.40625,-1.2496995914443643,128.40625,128.4375,128.40625,128.4375,0.03125,0.03219410876132928,4797,4441.70392749244,0,0,0,
332,12:50:00,20230209,568735919,128.3125,-1.3217976447969237,128.34375,128.375,128.28125,128.3125,0.03125,0.03219126506024094,4715,4442.77409638554,0,0,-1,
333,13:00:00,20230209,568735919,128.25,-1.36986301369863,128.21875,128.25,128.21875,128.25,0.03125,0.03218843843843842,7748,4443.59159159159,1,0,0,
334,13:10:00,20230209,568735919,128,-1.5621244893054553,128.0625,128.09375,128,128.03125,0.03125,0.032185628742514946,8501,4453.48502994012,1,0,-1,
335,13:20:00,20230209,568735919,127.875,-1.658255227108868,127.875,127.90625,127.875,127.90625,0.03125,0.0321828358208955,5741,4465.5671641791,0,0,0,
336,13:30:00,20230209,568735919,127.90625,-1.6342225426580148,127.875,127.90625,127.90625,127.9375,0.03125,0.0321800595238095,8790,4469.36309523809,1,0,0,
337,13:40:00,20230209,568735919,127.875,-1.658255227108868,127.90625,127.9375,127.875,127.90625,0.03125,0.03217729970326407,5946,4482.18397626112,0,0,-1,
338,13:50:00,20230209,568735919,127.90625,-1.6342225426580148,127.875,127.90625,127.875,127.90625,0.03125,0.03217455621301773,8506,4486.5147928994,1,0,0,
339,14:00:00,20230209,568735919,127.96875,-1.5861571737563085,127.90625,127.9375,127.96875,128,0.03125,0.03217182890855455,4881,4498.37168141592,0,0,1,
340,14:10:00,20230209,568735919,127.9375,-1.6101898582071617,127.96875,128,127.9375,127.96875,0.03125,0.0321691176470588,4906,4499.49705882352,0,0,-1,
341,14:20:00,20230209,568735919,127.90625,-1.6342225426580148,127.90625,127.9375,127.90625,127.9375,0.03125,0.03216642228739001,3104,4500.68914956011,0,0,0,
342,14:30:00,20230209,568735919,127.9375,-1.6101898582071617,127.875,127.90625,127.9375,127.96875,0.03125,0.032163742690058464,4553,4496.60526315789,0,0,1,
343,14:40:00,20230209,568735919,127.875,-1.658255227108868,127.90625,127.9375,127.875,127.90625,0.03125,0.032161078717201155,3164,4496.76967930029,0,0,-1,
344,14:50:00,20230209,568735919,127.90625,-1.6342225426580148,127.84375,127.875,127.90625,127.9375,0.03125,0.03215843023255813,3435,4492.89534883721,0,0,1,
345,15:00:00,20230209,568735919,128.0625,-1.514059120403749,128,128.0625,128.03125,128.0625,0.03125,0.032155797101449266,4950,4489.82898550725,0,0,0,
346,15:10:00,20230209,568735919,128.0625,-1.514059120403749,128.0625,128.09375,128.0625,128.09375,0.03125,0.03215317919075143,2753,4491.15895953758,0,0,0,
347,15:20:00,20230209,568735919,127.96875,-1.5861571737563085,127.96875,128,127.96875,128,0.03125,0.03215057636887607,2137,4486.14985590779,-1,0,0,
348,15:30:00,20230209,568735919,128.0625,-1.514059120403749,128,128.03125,128.03125,128.0625,0.03125,0.03214798850574711,1894,4479.39942528737,-1,0,1,
349,15:40:00,20230209,568735919,128.0625,-1.514059120403749,128.03125,128.0625,128.0625,128.09375,0.03125,0.032145415472779354,1642,4471.99140401148,-1,0,0,
350,15:50:00,20230209,568735919,128.0625,-1.514059120403749,128.03125,128.0625,128.0625,128.09375,0.03125,0.032142857142857126,1009,4463.90571428573,-1,0,0,
