N-term, time, date, conId, Current Price, Changes in Price (%), Time Average Bid, Time Average Ask, Last Bid Price, Last Ask Price, Bid-Ask Spread, Average Bid-Ask Spread, Current Volume, Average Volume, Volume Condition, Bid-Ask Spread Condition, Last Traded Condition, Order
0,09:30:00,20230130,570640399,102.72265625,-0.007604851895509335,102.7265625,102.7265625,102.71875,102.72265625,0.00390625,0,5170,0,1,-1,-1,
1,09:40:00,20230130,570640399,102.7265625,-0.0038024259477546676,102.72265625,102.72265625,102.72265625,102.7265625,0.00390625,0.00390625,4165,5170,0,0,1,
2,09:50:00,20230130,570640399,102.72265625,-0.007604851895509335,102.72265625,102.72265625,102.72265625,102.7265625,0.00390625,0.00390625,7093,4667.5,1,0,0,
3,10:00:00,20230130,570640399,102.71484375,-0.01520970379101867,102.71484375,102.71484375,102.71484375,102.71875,0.00390625,0.00390625,4704,5476,0,0,0,
4,10:10:00,20230130,570640399,102.72265625,-0.007604851895509335,102.71875,102.71875,102.71875,102.72265625,0.00390625,0.00390625,3780,5283,0,0,1,
5,10:20:00,20230130,570640399,102.71875,-0.011407277843264002,102.71875,102.71875,102.71484375,102.71875,0.00390625,0.00390625,1653,4982.4,-1,0,0,
6,10:30:00,20230130,570640399,102.71484375,-0.01520970379101867,102.7109375,102.7109375,102.71484375,102.71875,0.00390625,0.00390625,3282,4427.5,0,0,1,
7,10:40:00,20230130,570640399,102.72265625,-0.007604851895509335,102.71875,102.71875,102.72265625,102.7265625,0.00390625,0.00390625,3069,4263.85714285714,0,0,1,
8,10:50:00,20230130,570640399,102.73046875,0,102.72265625,102.72265625,102.73046875,102.734375,0.00390625,0.00390625,3368,4114.5,0,0,1,
9,11:00:00,20230130,570640399,102.7265625,-0.0038024259477546676,102.7265625,102.7265625,102.72265625,102.7265625,0.00390625,0.00390625,3512,4031.55555555556,0,0,0,
10,11:10:00,20230130,570640399,102.71875,-0.011407277843264002,102.72265625,102.72265625,102.71875,102.72265625,0.00390625,0.00390625,1402,3979.6,-1,0,-1,
11,11:20:00,20230130,570640399,102.71875,-0.011407277843264002,102.71875,102.71875,102.71875,102.72265625,0.00390625,0.00390625,2605,3745.27272727273,0,0,0,
12,11:30:00,20230130,570640399,102.7265625,-0.0038024259477546676,102.71875,102.71875,102.72265625,102.7265625,0.00390625,0.00390625,1055,3650.25,-1,0,1,
13,11:40:00,20230130,570640399,102.73046875,0,102.7265625,102.7265625,102.73046875,102.734375,0.00390625,0.00390625,1870,3450.61538461538,0,0,1,
14,11:50:00,20230130,570640399,102.7265625,-0.0038024259477546676,102.7265625,102.7265625,102.7265625,102.73046875,0.00390625,0.00390625,2797,3337.71428571428,0,0,0,
15,12:00:00,20230130,570640399,102.734375,0.0038024259477546676,102.73046875,102.73046875,102.73046875,102.734375,0.00390625,0.00390625,894,3301.66666666666,-1,0,1,
16,12:10:00,20230130,570640399,102.73828125,0.007604851895509335,102.73046875,102.73046875,102.734375,102.73828125,0.00390625,0.00390625,3057,3151.18749999999,0,0,1,
17,12:20:00,20230130,570640399,102.74609375,0.01520970379101867,102.7421875,102.7421875,102.74609375,102.75,0.00390625,0.00390625,4983,3145.64705882352,1,0,1,
18,12:30:00,20230130,570640399,102.74609375,0.01520970379101867,102.74609375,102.74609375,102.74609375,102.75,0.00390625,0.00390625,3232,3247.72222222221,0,0,0,
19,12:40:00,20230130,570640399,102.74609375,0.01520970379101867,102.74609375,102.74609375,102.74609375,102.75,0.00390625,0.00390625,1203,3246.89473684209,-1,0,0,
20,12:50:00,20230130,570640399,102.74609375,0.01520970379101867,102.74609375,102.74609375,102.74609375,102.75,0.00390625,0.00390625,1630,3144.69999999999,0,0,0,
21,13:00:00,20230130,570640399,102.7421875,0.011407277843264002,102.74609375,102.74609375,102.7421875,102.74609375,0.00390625,0.00390625,1279,3072.57142857142,-1,0,-1,
22,13:10:00,20230130,570640399,102.7421875,0.011407277843264002,102.74609375,102.74609375,102.7421875,102.74609375,0.00390625,0.00390625,2929,2991.04545454545,0,0,-1,
23,13:20:00,20230130,570640399,102.73828125,0.007604851895509335,102.73828125,102.73828125,102.734375,102.73828125,0.00390625,0.00390625,3570,2988.34782608695,0,0,0,
24,13:30:00,20230130,570640399,102.73828125,0.007604851895509335,102.73828125,102.73828125,102.73828125,102.7421875,0.00390625,0.00390625,3479,3012.58333333333,0,0,0,
25,13:40:00,20230130,570640399,102.73828125,0.007604851895509335,102.73828125,102.73828125,102.734375,102.73828125,0.00390625,0.00390625,5113,3031.24,1,0,0,
26,13:50:00,20230130,570640399,102.734375,0.0038024259477546676,102.734375,102.734375,102.73046875,102.734375,0.00390625,0.00390625,9282,3111.30769230769,1,0,0,
27,14:00:00,20230130,570640399,102.73046875,0,102.734375,102.734375,102.73046875,102.734375,0.00390625,0.00390625,7927,3339.85185185185,1,0,-1,
28,14:10:00,20230130,570640399,102.73828125,0.007604851895509335,102.734375,102.734375,102.73828125,102.7421875,0.00390625,0.00390625,2611,3503.67857142857,0,0,1,
29,14:20:00,20230130,570640399,102.7421875,0.011407277843264002,102.73828125,102.73828125,102.7421875,102.74609375,0.00390625,0.00390625,5247,3472.89655172414,1,0,1,
30,14:30:00,20230130,570640399,102.7421875,0.011407277843264002,102.73828125,102.73828125,102.73828125,102.7421875,0.00390625,0.00390625,4414,3532.03333333334,0,0,1,
31,14:40:00,20230130,570640399,102.74609375,0.01520970379101867,102.74609375,102.74609375,102.74609375,102.75,0.00390625,0.00390625,6291,3560.48387096775,1,0,0,
32,14:50:00,20230130,570640399,102.74609375,0.01520970379101867,102.74609375,102.74609375,102.7421875,102.74609375,0.00390625,0.00390625,4362,3645.81250000001,0,0,0,
33,15:00:00,20230130,570640399,102.75390625,0.022814555686528005,102.75,102.75,102.75390625,102.7578125,0.00390625,0.00390625,7945,3667.51515151516,1,0,1,
34,15:10:00,20230130,570640399,102.76953125,0.038024259477546674,102.7578125,102.7578125,102.76953125,102.7734375,0.00390625,0.00390625,10237,3793.32352941177,1,0,1,
35,15:20:00,20230130,570640399,102.76953125,0.038024259477546674,102.765625,102.765625,102.765625,102.76953125,0.00390625,0.00390625,5725,3977.42857142858,0,0,1,
36,15:30:00,20230130,570640399,102.7734375,0.04182668542530134,102.76953125,102.76953125,102.7734375,102.77734375,0.00390625,0.00390625,2518,4025.97222222223,0,0,1,
37,15:40:00,20230130,570640399,102.77734375,0.04562911137305601,102.7734375,102.7734375,102.7734375,102.78125,0.0078125,0.00390625,4366,3985.21621621622,0,-1,1,
38,15:50:00,20230130,570640399,102.7734375,0.04182668542530134,102.77734375,102.77734375,102.7734375,102.77734375,0.00390625,0.004009046052631579,4072,3995.23684210527,0,0,-1,
39,09:30:00,20230131,570640399,102.79296875,0.06083881516407468,102.7890625,102.7890625,102.79296875,102.796875,0.00390625,0.004006410256410256,7789,3997.20512820514,1,0,1,
40,09:40:00,20230131,570640399,102.79296875,0.06083881516407468,102.80078125,102.80078125,102.79296875,102.796875,0.00390625,0.00400390625,5440,4092.00000000001,0,0,-1,
41,09:50:00,20230131,570640399,102.80859375,0.07604851895509335,102.79296875,102.79296875,102.8046875,102.80859375,0.00390625,0.004001524390243902,5709,4124.8780487805,0,0,1,
42,10:00:00,20230131,570640399,102.8046875,0.07224609300733868,102.8046875,102.8046875,102.8046875,102.80859375,0.00390625,0.003999255952380951,5294,4162.59523809525,0,0,0,
43,10:10:00,20230131,570640399,102.80859375,0.07604851895509335,102.80078125,102.80078125,102.8046875,102.80859375,0.00390625,0.003997093023255812,7136,4188.9069767442,1,0,1,
44,10:20:00,20230131,570640399,102.82421875,0.09125822274611202,102.8125,102.8125,102.82421875,102.828125,0.00390625,0.003995028409090907,6963,4255.88636363638,1,0,1,
45,10:30:00,20230131,570640399,102.81640625,0.08365337085060268,102.81640625,102.81640625,102.81640625,102.8203125,0.00390625,0.0039930555555555535,4313,4316.04444444446,0,0,0,
46,10:40:00,20230131,570640399,102.81640625,0.08365337085060268,102.8125,102.8125,102.81640625,102.8203125,0.00390625,0.003991168478260867,1791,4315.97826086958,-1,0,1,
47,10:50:00,20230131,570640399,102.8203125,0.08745579679835735,102.8203125,102.8203125,102.8203125,102.82421875,0.00390625,0.0039893617021276575,2686,4262.25531914895,0,0,0,
48,11:00:00,20230131,570640399,102.8203125,0.08745579679835735,102.81640625,102.81640625,102.81640625,102.82421875,0.0078125,0.003987630208333331,6753,4229.41666666668,1,-1,1,
49,11:10:00,20230131,570640399,102.8125,0.07985094490284801,102.8125,102.8125,102.8125,102.81640625,0.00390625,0.004065688775510202,2388,4280.91836734695,0,0,0,
50,11:20:00,20230131,570640399,102.80859375,0.07604851895509335,102.80859375,102.80859375,102.8046875,102.80859375,0.00390625,0.0040624999999999975,3772,4243.06000000001,0,0,0,
51,11:30:00,20230131,570640399,102.8125,0.07985094490284801,102.80859375,102.80859375,102.8125,102.81640625,0.00390625,0.004059436274509802,3308,4233.82352941178,0,0,1,
52,11:40:00,20230131,570640399,102.82421875,0.09125822274611202,102.81640625,102.81640625,102.82421875,102.828125,0.00390625,0.004056490384615382,4110,4216.01923076925,0,0,1,
53,11:50:00,20230131,570640399,102.8125,0.07985094490284801,102.81640625,102.81640625,102.80859375,102.8125,0.00390625,0.004053655660377356,7226,4214.01886792455,1,0,-1,
54,12:00:00,20230131,570640399,102.80859375,0.07604851895509335,102.80859375,102.80859375,102.80859375,102.8125,0.00390625,0.004050925925925924,5176,4269.79629629632,0,0,0,
55,12:10:00,20230131,570640399,102.80859375,0.07604851895509335,102.80859375,102.80859375,102.80859375,102.8125,0.00390625,0.004048295454545452,5296,4286.27272727275,0,0,0,
56,12:20:00,20230131,570640399,102.8046875,0.07224609300733868,102.80859375,102.80859375,102.8046875,102.80859375,0.00390625,0.0040457589285714255,4506,4304.30357142859,0,0,-1,
57,12:30:00,20230131,570640399,102.8046875,0.07224609300733868,102.8046875,102.8046875,102.8046875,102.80859375,0.00390625,0.004043311403508769,1769,4307.84210526318,-1,0,0,
58,12:40:00,20230131,570640399,102.80078125,0.068443667059584,102.8046875,102.8046875,102.80078125,102.8046875,0.00390625,0.004040948275862066,7910,4264.06896551726,1,0,-1,
59,12:50:00,20230131,570640399,102.8125,0.07985094490284801,102.8046875,102.8046875,102.80859375,102.8125,0.00390625,0.004038665254237285,2929,4325.86440677968,0,0,1,
60,13:00:00,20230131,570640399,102.8203125,0.08745579679835735,102.81640625,102.81640625,102.81640625,102.8203125,0.00390625,0.00403645833333333,4665,4302.58333333335,0,0,1,
61,13:10:00,20230131,570640399,102.828125,0.09506064869386668,102.8203125,102.8203125,102.82421875,102.828125,0.00390625,0.0040343237704918,4554,4308.52459016395,0,0,1,
62,13:20:00,20230131,570640399,102.83203125,0.09886307464162135,102.83203125,102.83203125,102.83203125,102.8359375,0.00390625,0.0040322580645161255,5047,4312.48387096776,0,0,0,
63,13:30:00,20230131,570640399,102.83984375,0.10646792653713069,102.8359375,102.8359375,102.8359375,102.83984375,0.00390625,0.004030257936507933,3092,4324.14285714288,0,0,1,
64,13:40:00,20230131,570640399,102.83203125,0.09886307464162135,102.8359375,102.8359375,102.83203125,102.8359375,0.00390625,0.0040283203124999965,5071,4304.89062500002,0,0,-1,
65,13:50:00,20230131,570640399,102.828125,0.09506064869386668,102.82421875,102.82421875,102.828125,102.83203125,0.00390625,0.004026442307692304,20490,4316.67692307694,1,0,1,
66,14:00:00,20230131,570640399,102.828125,0.09506064869386668,102.828125,102.828125,102.82421875,102.828125,0.00390625,0.0040246212121212085,7998,4561.72727272729,1,0,0,
67,14:10:00,20230131,570640399,102.82421875,0.09125822274611202,102.828125,102.828125,102.8203125,102.82421875,0.00390625,0.004022854477611937,7107,4613.01492537315,1,0,-1,
68,14:20:00,20230131,570640399,102.828125,0.09506064869386668,102.82421875,102.82421875,102.82421875,102.828125,0.00390625,0.00402113970588235,6342,4649.6911764706,0,0,1,
69,14:30:00,20230131,570640399,102.8359375,0.10266550058937603,102.828125,102.828125,102.83203125,102.8359375,0.00390625,0.0040194746376811565,6346,4674.21739130436,0,0,1,
70,14:40:00,20230131,570640399,102.84375,0.11027035248488537,102.8359375,102.8359375,102.83984375,102.84375,0.00390625,0.00401785714285714,6174,4698.10000000001,0,0,1,
71,14:50:00,20230131,570640399,102.8828125,0.14829461196243204,102.8515625,102.8515625,102.87890625,102.8828125,0.00390625,0.004016285211267603,60773,4718.88732394367,1,0,1,
72,15:00:00,20230131,570640399,102.8359375,0.10266550058937603,102.84375,102.84375,102.83203125,102.8359375,0.00390625,0.0040147569444444415,34839,5497.41666666667,1,0,-1,
73,15:10:00,20230131,570640399,102.84765625,0.11407277843264003,102.84375,102.84375,102.84765625,102.8515625,0.00390625,0.0040132705479452024,10439,5899.35616438356,1,0,1,
74,15:20:00,20230131,570640399,102.84765625,0.11407277843264003,102.84375,102.84375,102.84765625,102.8515625,0.00390625,0.0040118243243243215,5568,5960.7027027027,0,0,1,
75,15:30:00,20230131,570640399,102.84765625,0.11407277843264003,102.84375,102.84375,102.84375,102.84765625,0.00390625,0.004010416666666664,3477,5955.46666666666,0,0,1,
76,15:40:00,20230131,570640399,102.84375,0.11027035248488537,102.84375,102.84375,102.84375,102.84765625,0.00390625,0.004009046052631576,1543,5922.85526315789,-1,0,0,
77,15:50:00,20230131,570640399,102.84765625,0.11407277843264003,102.84375,102.84375,102.84765625,102.8515625,0.00390625,0.0040077110389610355,3753,5865.97402597402,0,0,1,
78,09:30:00,20230201,570640399,102.828125,0.09506064869386668,102.828125,102.828125,102.82421875,102.828125,0.00390625,0.004006410256410253,10287,5838.88461538461,1,0,0,
79,09:40:00,20230201,570640399,102.84765625,0.11407277843264003,102.8359375,102.8359375,102.84765625,102.8515625,0.00390625,0.004005142405063287,7164,5895.18987341772,0,0,1,
80,09:50:00,20230201,570640399,102.8359375,0.10266550058937603,102.83984375,102.83984375,102.8359375,102.83984375,0.00390625,0.004003906249999996,9584,5911.05,1,0,-1,
81,10:00:00,20230201,570640399,102.8359375,0.10266550058937603,102.8359375,102.8359375,102.83203125,102.8359375,0.00390625,0.004002700617283947,6753,5956.3950617284,0,0,0,
82,10:10:00,20230201,570640399,102.83984375,0.10646792653713069,102.8359375,102.8359375,102.83984375,102.84375,0.00390625,0.004001524390243899,3949,5966.10975609757,0,0,1,
83,10:20:00,20230201,570640399,102.8515625,0.1178752043803947,102.84375,102.84375,102.84765625,102.8515625,0.00390625,0.004000376506024092,4811,5941.80722891567,0,0,1,
84,10:30:00,20230201,570640399,102.84375,0.11027035248488537,102.84765625,102.84765625,102.84375,102.84765625,0.00390625,0.003999255952380949,3638,5928.34523809524,0,0,-1,
85,10:40:00,20230201,570640399,102.84375,0.11027035248488537,102.84375,102.84375,102.84375,102.84765625,0.00390625,0.0039981617647058786,3697,5901.4,0,0,0,
86,10:50:00,20230201,570640399,102.85546875,0.12167763032814936,102.84765625,102.84765625,102.85546875,102.859375,0.00390625,0.003997093023255811,4794,5875.76744186046,0,0,1,
87,11:00:00,20230201,570640399,102.8515625,0.1178752043803947,102.8515625,102.8515625,102.8515625,102.85546875,0.00390625,0.00399604885057471,6983,5863.33333333333,0,0,0,
88,11:10:00,20230201,570640399,102.8515625,0.1178752043803947,102.8515625,102.8515625,102.84765625,102.8515625,0.00390625,0.003995028409090906,2811,5876.05681818182,-1,0,0,
89,11:20:00,20230201,570640399,102.84375,0.11027035248488537,102.84765625,102.84765625,102.83984375,102.84375,0.00390625,0.003994030898876402,4308,5841.61797752809,0,0,-1,
90,11:30:00,20230201,570640399,102.84375,0.11027035248488537,102.83984375,102.83984375,102.83984375,102.84375,0.00390625,0.003993055555555553,4340,5824.57777777778,0,0,1,
91,11:40:00,20230201,570640399,102.85546875,0.12167763032814936,102.84765625,102.84765625,102.85546875,102.859375,0.00390625,0.0039921016483516454,4629,5808.26373626374,0,0,1,
92,11:50:00,20230201,570640399,102.85546875,0.12167763032814936,102.85546875,102.85546875,102.85546875,102.859375,0.00390625,0.0039911684782608665,3429,5795.44565217392,0,0,0,
93,12:00:00,20230201,570640399,102.86328125,0.12928248222365868,102.85546875,102.85546875,102.86328125,102.8671875,0.00390625,0.003990255376344083,5430,5770.00000000001,0,0,1,
94,12:10:00,20230201,570640399,102.85546875,0.12167763032814936,102.85546875,102.85546875,102.8515625,102.85546875,0.00390625,0.0039893617021276575,5316,5766.38297872342,0,0,0,
95,12:20:00,20230201,570640399,102.83984375,0.10646792653713069,102.84375,102.84375,102.83984375,102.84375,0.00390625,0.003988486842105262,3902,5761.64210526317,0,0,-1,
96,12:30:00,20230201,570640399,102.83203125,0.09886307464162135,102.83203125,102.83203125,102.83203125,102.8359375,0.00390625,0.003987630208333332,3906,5742.27083333335,0,0,0,
97,12:40:00,20230201,570640399,102.8359375,0.10266550058937603,102.83203125,102.83203125,102.8359375,102.83984375,0.00390625,0.003986791237113401,5446,5723.34020618558,0,0,1,
98,12:50:00,20230201,570640399,102.81640625,0.08365337085060268,102.828125,102.828125,102.80859375,102.828125,0.01953125,0.0039859693877551,7006,5720.51020408164,0,-1,-1,
99,13:00:00,20230201,570640399,102.8046875,0.07224609300733868,102.78515625,102.78515625,102.8046875,102.80859375,0.00390625,0.004142992424242423,26769,5733.49494949496,1,0,1,
100,13:10:00,20230201,570640399,102.7890625,0.05703638921632002,102.8046875,102.8046875,102.7890625,102.79296875,0.00390625,0.004140624999999999,10816,5943.85000000001,1,0,-1,
101,13:20:00,20230201,570640399,102.796875,0.06464124111182934,102.79296875,102.79296875,102.796875,102.80078125,0.00390625,0.004138304455445544,6453,5992.0891089109,0,0,1,
102,13:30:00,20230201,570640399,102.80859375,0.07604851895509335,102.78515625,102.78515625,102.80859375,102.8125,0.00390625,0.004136029411764705,14460,5996.60784313726,1,0,1,
103,13:40:00,20230201,570640399,102.96484375,0.22814555686528007,102.921875,102.921875,102.9609375,102.96875,0.0078125,0.004133798543689319,50268,6078.77669902913,1,-1,1,
104,13:50:00,20230201,570640399,103.015625,0.2775770941860907,103.00390625,103.00390625,103.015625,103.01953125,0.00390625,0.004169170673076922,46928,6503.67307692308,1,0,1,
105,14:00:00,20230201,570640399,102.984375,0.2471576866040534,102.99609375,102.99609375,102.98046875,102.984375,0.00390625,0.004166666666666666,29248,6888.66666666667,1,0,-1,
106,14:10:00,20230201,570640399,103.0078125,0.2699722422905814,102.9921875,102.9921875,103.00390625,103.0078125,0.00390625,0.004164209905660377,8627,7099.60377358491,0,0,1,
107,14:20:00,20230201,570640399,103.0625,0.3232062055591467,103.02734375,103.02734375,103.05859375,103.0625,0.00390625,0.0041617990654205595,17196,7113.8785046729,1,0,1,
108,14:30:00,20230201,570640399,103.04296875,0.3041940758203734,103.04296875,103.04296875,103.04296875,103.046875,0.00390625,0.004159432870370369,19869,7207.23148148148,1,0,0,
109,14:40:00,20230201,570640399,103.0703125,0.3308110574546561,103.0546875,103.0546875,103.06640625,103.07421875,0.0078125,0.004157110091743118,12249,7323.39449541284,1,-1,1,
110,14:50:00,20230201,570640399,103.05859375,0.31940377961139205,103.05859375,103.05859375,103.05859375,103.0625,0.00390625,0.0041903409090909075,15769,7368.17272727272,1,0,0,
111,15:00:00,20230201,570640399,103.0546875,0.3156013536636374,103.0546875,103.0546875,103.05078125,103.0546875,0.00390625,0.0041877815315315295,12190,7443.85585585585,1,0,0,
112,15:10:00,20230201,570640399,103.02734375,0.28898437202935473,103.04296875,103.04296875,103.0234375,103.02734375,0.00390625,0.004185267857142855,15009,7486.23214285714,1,0,-1,
113,15:20:00,20230201,570640399,103.01953125,0.2813795201338454,103.0234375,103.0234375,103.01953125,103.0234375,0.00390625,0.0041827986725663695,6010,7552.80530973451,0,0,-1,
114,15:30:00,20230201,570640399,103.03515625,0.2965892239248641,103.0234375,103.0234375,103.03515625,103.0390625,0.00390625,0.004180372807017542,6371,7539.27192982456,0,0,1,
115,15:40:00,20230201,570640399,103.046875,0.30799650176812804,103.03515625,103.03515625,103.04296875,103.05078125,0.0078125,0.004177989130434781,4633,7529.11304347826,0,-1,1,
116,15:50:00,20230201,570640399,103.01953125,0.2813795201338454,103.02734375,103.02734375,103.01953125,103.0234375,0.00390625,0.004209321120689653,3087,7504.14655172414,-1,0,-1,
117,09:30:00,20230202,570640399,103.08203125,0.34221833529792006,103.07421875,103.07421875,103.08203125,103.0859375,0.00390625,0.004206730769230767,7083,7466.39316239316,0,0,1,
118,09:40:00,20230202,570640399,103.09375,0.35362561314118407,103.0859375,103.0859375,103.09375,103.09765625,0.00390625,0.004204184322033897,8182,7463.14406779661,0,0,1,
119,09:50:00,20230202,570640399,103.109375,0.36883531693220273,103.1015625,103.1015625,103.109375,103.11328125,0.00390625,0.004201680672268906,5472,7469.18487394958,0,0,1,
120,10:00:00,20230202,570640399,103.11328125,0.37263774287995743,103.10546875,103.10546875,103.11328125,103.1171875,0.00390625,0.004199218749999998,6423,7452.54166666667,0,0,1,
121,10:10:00,20230202,570640399,103.11328125,0.37263774287995743,103.109375,103.109375,103.109375,103.11328125,0.00390625,0.004196797520661155,9457,7444.03305785124,0,0,1,
122,10:20:00,20230202,570640399,103.11328125,0.37263774287995743,103.109375,103.109375,103.109375,103.11328125,0.00390625,0.0041944159836065555,9338,7460.53278688525,0,0,1,
123,10:30:00,20230202,570640399,103.09375,0.35362561314118407,103.1015625,103.1015625,103.08984375,103.09375,0.00390625,0.004192073170731705,25388,7475.79674796748,1,0,-1,
124,10:40:00,20230202,570640399,103.0859375,0.34602076124567477,103.0859375,103.0859375,103.08203125,103.0859375,0.00390625,0.004189768145161288,7932,7620.25,0,0,0,
125,10:50:00,20230202,570640399,103.08984375,0.3498231871934294,103.0859375,103.0859375,103.0859375,103.08984375,0.00390625,0.004187499999999998,3835,7622.744,0,0,1,
126,11:00:00,20230202,570640399,103.0859375,0.34602076124567477,103.0859375,103.0859375,103.0859375,103.08984375,0.00390625,0.004185267857142854,2676,7592.68253968254,-1,0,0,
127,11:10:00,20230202,570640399,103.08984375,0.3498231871934294,103.0859375,103.0859375,103.0859375,103.08984375,0.00390625,0.004183070866141729,2483,7553.96850393701,-1,0,1,
128,11:20:00,20230202,570640399,103.08984375,0.3498231871934294,103.0859375,103.0859375,103.08984375,103.09375,0.00390625,0.0041809082031249965,3320,7514.3515625,-1,0,1,
129,11:30:00,20230202,570640399,103.07421875,0.3346134834024107,103.08203125,103.08203125,103.07421875,103.078125,0.00390625,0.004178779069767439,4278,7481.83720930232,0,0,-1,
130,11:40:00,20230202,570640399,103.0625,0.3232062055591467,103.06640625,103.06640625,103.05859375,103.0625,0.00390625,0.00417668269230769,2319,7457.1923076923,-1,0,-1,
131,11:50:00,20230202,570640399,103.046875,0.30799650176812804,103.0546875,103.0546875,103.04296875,103.046875,0.00390625,0.004174618320610684,4212,7417.96946564885,0,0,-1,
132,12:00:00,20230202,570640399,103.05078125,0.31179892771588275,103.046875,103.046875,103.046875,103.05078125,0.00390625,0.004172585227272724,4228,7393.68181818181,0,0,1,
133,12:10:00,20230202,570640399,103.046875,0.30799650176812804,103.046875,103.046875,103.046875,103.05078125,0.00390625,0.004170582706766914,2674,7369.87969924811,-1,0,0,
134,12:20:00,20230202,570640399,103.046875,0.30799650176812804,103.046875,103.046875,103.04296875,103.046875,0.00390625,0.004168610074626862,2905,7334.83582089551,-1,0,0,
135,12:30:00,20230202,570640399,103.046875,0.30799650176812804,103.046875,103.046875,103.04296875,103.046875,0.00390625,0.004166666666666662,6172,7302.02222222221,0,0,0,
136,12:40:00,20230202,570640399,103.03515625,0.2965892239248641,103.0390625,103.0390625,103.03515625,103.0390625,0.00390625,0.00416475183823529,4180,7293.7132352941,0,0,-1,
137,12:50:00,20230202,570640399,103.0546875,0.3156013536636374,103.04296875,103.04296875,103.0546875,103.05859375,0.00390625,0.004162864963503645,3236,7270.98540145984,-1,0,1,
138,13:00:00,20230202,570640399,103.06640625,0.3270086315069014,103.0546875,103.0546875,103.06640625,103.0703125,0.00390625,0.004161005434782605,3099,7241.74637681158,-1,0,1,
139,13:10:00,20230202,570640399,103.0546875,0.3156013536636374,103.05859375,103.05859375,103.0546875,103.05859375,0.00390625,0.004159172661870499,4565,7211.94244604315,0,0,-1,
140,13:20:00,20230202,570640399,103.05078125,0.31179892771588275,103.0546875,103.0546875,103.05078125,103.0546875,0.00390625,0.004157366071428567,5129,7193.0357142857,0,0,-1,
141,13:30:00,20230202,570640399,103.0546875,0.3156013536636374,103.05078125,103.05078125,103.05078125,103.0546875,0.00390625,0.004155585106382974,1567,7178.39716312055,-1,0,1,
142,13:40:00,20230202,570640399,103.046875,0.30799650176812804,103.05078125,103.05078125,103.046875,103.05078125,0.00390625,0.004153829225352108,1314,7138.88028169012,-1,0,-1,
143,13:50:00,20230202,570640399,103.0546875,0.3156013536636374,103.05078125,103.05078125,103.05078125,103.0546875,0.00390625,0.004152097902097898,7845,7098.14685314683,0,0,1,
144,14:00:00,20230202,570640399,103.0546875,0.3156013536636374,103.046875,103.046875,103.05078125,103.0546875,0.00390625,0.004150390624999996,4823,7103.33333333331,0,0,1,
145,14:10:00,20230202,570640399,103.0546875,0.3156013536636374,103.05078125,103.05078125,103.05078125,103.0546875,0.00390625,0.00414870689655172,2240,7087.6068965517,-1,0,1,
146,14:20:00,20230202,570640399,103.046875,0.30799650176812804,103.046875,103.046875,103.04296875,103.046875,0.00390625,0.004147046232876709,1302,7054.40410958902,-1,0,0,
147,14:30:00,20230202,570640399,103.0390625,0.30039164987261874,103.0390625,103.0390625,103.03515625,103.0390625,0.00390625,0.004145408163265303,3070,7015.27210884352,-1,0,0,
148,14:40:00,20230202,570640399,103.02734375,0.28898437202935473,103.03125,103.03125,103.02734375,103.03125,0.00390625,0.004143792229729727,2566,6988.61486486485,-1,0,-1,
149,14:50:00,20230202,570640399,103.02734375,0.28898437202935473,103.0234375,103.0234375,103.02734375,103.03125,0.00390625,0.004142197986577179,4283,6958.93288590602,0,0,1,
150,15:00:00,20230202,570640399,103.05859375,0.31940377961139205,103.04296875,103.04296875,103.05859375,103.0625,0.00390625,0.004140624999999998,3542,6941.09333333331,0,0,1,
151,15:10:00,20230202,570640399,103.046875,0.30799650176812804,103.05078125,103.05078125,103.046875,103.05078125,0.00390625,0.004139072847682117,5531,6918.58278145693,0,0,-1,
152,15:20:00,20230202,570640399,103.03125,0.2927867979771094,103.0390625,103.0390625,103.02734375,103.03125,0.00390625,0.0041375411184210505,5232,6909.4539473684,0,0,-1,
153,15:30:00,20230202,570640399,103.03515625,0.2965892239248641,103.03125,103.03125,103.03125,103.03515625,0.00390625,0.004136029411764703,2315,6898.49019607841,-1,0,1,
154,15:40:00,20230202,570640399,103.02734375,0.28898437202935473,103.03125,103.03125,103.0234375,103.02734375,0.00390625,0.004134537337662335,1478,6868.72727272725,-1,0,-1,
155,15:50:00,20230202,570640399,103.03125,0.2927867979771094,103.0234375,103.0234375,103.0234375,103.02734375,0.00390625,0.00413306451612903,2607,6833.94838709675,-1,0,1,
156,09:30:00,20230203,570640399,102.72265625,-0.007604851895509335,102.69921875,102.703125,102.71875,102.72265625,0.00390625,0.004131610576923074,15165,6806.85256410254,1,0,1,
157,09:40:00,20230203,570640399,102.734375,0.0038024259477546676,102.7265625,102.73046875,102.73046875,102.734375,0.00390625,0.004130175159235666,11877,6860.0891719745,1,0,1,
158,09:50:00,20230203,570640399,102.73828125,0.007604851895509335,102.73046875,102.734375,102.734375,102.73828125,0.00390625,0.004128757911392403,7479,6891.84177215188,0,0,1,
159,10:00:00,20230203,570640399,102.7421875,0.011407277843264002,102.7265625,102.73046875,102.73828125,102.7421875,0.00390625,0.004127358490566035,11212,6895.53459119495,1,0,1,
160,10:10:00,20230203,570640399,102.71484375,-0.01520970379101867,102.73046875,102.734375,102.7109375,102.71484375,0.00390625,0.004125976562499998,7634,6922.51249999998,0,0,-1,
161,10:20:00,20230203,570640399,102.71875,-0.011407277843264002,102.71484375,102.71875,102.71484375,102.71875,0.00390625,0.004124611801242233,4841,6926.93167701861,0,0,0,
162,10:30:00,20230203,570640399,102.71875,-0.011407277843264002,102.71875,102.72265625,102.71484375,102.72265625,0.0078125,0.004123263888888886,4111,6914.05555555553,0,-1,0,
163,10:40:00,20230203,570640399,102.734375,0.0038024259477546676,102.73046875,102.734375,102.734375,102.73828125,0.00390625,0.0041458972392638006,4810,6896.8588957055,0,0,0,
164,10:50:00,20230203,570640399,102.72265625,-0.007604851895509335,102.73828125,102.7421875,102.72265625,102.7265625,0.00390625,0.004144435975609753,5481,6884.13414634144,0,0,-1,
165,11:00:00,20230203,570640399,102.73046875,0,102.7265625,102.73046875,102.73046875,102.734375,0.00390625,0.004142992424242421,4905,6875.63030303028,0,0,0,
166,11:10:00,20230203,570640399,102.71875,-0.011407277843264002,102.72265625,102.7265625,102.71484375,102.72265625,0.0078125,0.004141566265060239,4117,6863.75903614456,0,-1,-1,
167,11:20:00,20230203,570640399,102.72265625,-0.007604851895509335,102.71875,102.72265625,102.72265625,102.7265625,0.00390625,0.004163547904191615,3754,6847.31137724549,0,0,0,
168,11:30:00,20230203,570640399,102.7265625,-0.0038024259477546676,102.7265625,102.73046875,102.7265625,102.73046875,0.00390625,0.004162016369047617,3791,6828.89880952379,0,0,0,
169,11:40:00,20230203,570640399,102.7265625,-0.0038024259477546676,102.7265625,102.73046875,102.7265625,102.73046875,0.00390625,0.00416050295857988,3188,6810.92307692306,-1,0,0,
170,11:50:00,20230203,570640399,102.71875,-0.011407277843264002,102.72265625,102.7265625,102.71875,102.72265625,0.00390625,0.004159007352941175,1867,6789.61176470586,-1,0,-1,
171,12:00:00,20230203,570640399,102.71875,-0.011407277843264002,102.71484375,102.71875,102.71875,102.72265625,0.00390625,0.0041575292397660795,3642,6760.82456140349,0,0,0,
172,12:10:00,20230203,570640399,102.73046875,0,102.72265625,102.7265625,102.7265625,102.73046875,0.00390625,0.004156068313953486,4454,6742.6918604651,0,0,1,
173,12:20:00,20230203,570640399,102.7265625,-0.0038024259477546676,102.72265625,102.7265625,102.7265625,102.73046875,0.00390625,0.004154624277456645,2984,6729.46242774565,-1,0,0,
174,12:30:00,20230203,570640399,102.71484375,-0.01520970379101867,102.71875,102.72265625,102.71484375,102.71875,0.00390625,0.0041531968390804575,2523,6707.93678160918,-1,0,-1,
175,12:40:00,20230203,570640399,102.69140625,-0.038024259477546674,102.69921875,102.703125,102.69140625,102.6953125,0.00390625,0.004151785714285712,5149,6684.02285714284,0,0,-1,
176,12:50:00,20230203,570640399,102.6796875,-0.049431537320810674,102.68359375,102.6875,102.67578125,102.6796875,0.00390625,0.004150390624999997,5817,6675.30113636362,0,0,-1,
177,13:00:00,20230203,570640399,102.6640625,-0.06464124111182934,102.6640625,102.66796875,102.66015625,102.6640625,0.00390625,0.004149011299435026,7058,6670.45197740111,0,0,0,
178,13:10:00,20230203,570640399,102.66796875,-0.06083881516407468,102.65234375,102.65625,102.66796875,102.671875,0.00390625,0.004147647471910109,9937,6672.62921348312,0,0,1,
179,13:20:00,20230203,570640399,102.66796875,-0.06083881516407468,102.6640625,102.66796875,102.6640625,102.66796875,0.00390625,0.004146298882681561,3360,6690.86592178768,0,0,0,
180,13:30:00,20230203,570640399,102.66015625,-0.068443667059584,102.65625,102.66015625,102.65625,102.6640625,0.0078125,0.004144965277777774,15915,6672.36111111108,1,-1,0,
181,13:40:00,20230203,570640399,102.66015625,-0.068443667059584,102.65234375,102.65625,102.65625,102.66015625,0.00390625,0.004165227900552483,10394,6723.42541436461,1,0,1,
182,13:50:00,20230203,570640399,102.66015625,-0.068443667059584,102.6484375,102.65234375,102.66015625,102.6640625,0.00390625,0.0041638049450549415,21075,6743.59340659338,1,0,1,
183,14:00:00,20230203,570640399,102.64453125,-0.08365337085060268,102.65625,102.66015625,102.64453125,102.6484375,0.00390625,0.004162397540983603,4808,6821.90710382511,0,0,-1,
184,14:10:00,20230203,570640399,102.640625,-0.08745579679835735,102.640625,102.64453125,102.63671875,102.640625,0.00390625,0.0041610054347826055,5491,6810.96195652171,0,0,0,
185,14:20:00,20230203,570640399,102.6328125,-0.09506064869386668,102.6328125,102.63671875,102.62890625,102.6328125,0.00390625,0.004159628378378375,3213,6803.827027027,-1,0,0,
186,14:30:00,20230203,570640399,102.6328125,-0.09506064869386668,102.6328125,102.63671875,102.6328125,102.63671875,0.00390625,0.004158266129032254,8238,6784.52150537632,0,0,0,
187,14:40:00,20230203,570640399,102.6328125,-0.09506064869386668,102.6328125,102.63671875,102.6328125,102.63671875,0.00390625,0.004156918449197858,1584,6792.29411764704,-1,0,0,
188,14:50:00,20230203,570640399,102.640625,-0.08745579679835735,102.6328125,102.63671875,102.640625,102.64453125,0.00390625,0.004155585106382975,10028,6764.5904255319,0,0,1,
189,15:00:00,20230203,570640399,102.66796875,-0.06083881516407468,102.65625,102.66015625,102.66796875,102.671875,0.00390625,0.0041542658730158695,7703,6781.85714285713,0,0,1,
190,15:10:00,20230203,570640399,102.65625,-0.07224609300733868,102.6640625,102.66796875,102.65625,102.66015625,0.00390625,0.004152960526315786,4393,6786.70526315788,0,0,-1,
191,15:20:00,20230203,570640399,102.6640625,-0.06464124111182934,102.66015625,102.6640625,102.6640625,102.66796875,0.00390625,0.004151668848167535,3492,6774.1727748691,0,0,0,
192,15:30:00,20230203,570640399,102.67578125,-0.053233963268565346,102.66796875,102.671875,102.67578125,102.6796875,0.00390625,0.004150390624999996,2661,6757.07812499999,-1,0,1,
193,15:40:00,20230203,570640399,102.6796875,-0.049431537320810674,102.67578125,102.6796875,102.67578125,102.6796875,0.00390625,0.0041491256476683894,2152,6735.85492227978,-1,0,0,
194,15:50:00,20230203,570640399,102.671875,-0.05703638921632002,102.671875,102.6796875,102.671875,102.67578125,0.00390625,0.004147873711340202,1580,6712.2268041237,-1,0,0,
195,09:30:00,20230206,570640399,102.44140625,-0.2813795201338454,102.4453125,102.44921875,102.4375,102.44140625,0.00390625,0.004146634615384611,12404,6685.90769230768,1,0,-1,
196,09:40:00,20230206,570640399,102.421875,-0.30039164987261874,102.4296875,102.43359375,102.421875,102.42578125,0.00390625,0.004145408163265302,9020,6715.08163265305,0,0,-1,
197,09:50:00,20230206,570640399,102.41796875,-0.3041940758203734,102.41796875,102.421875,102.41796875,102.421875,0.00390625,0.004144194162436544,4514,6726.78172588831,0,0,0,
198,10:00:00,20230206,570640399,102.41015625,-0.31179892771588275,102.41796875,102.421875,102.40625,102.41015625,0.00390625,0.00414299242424242,7181,6715.60606060604,0,0,-1,
199,10:10:00,20230206,570640399,102.4140625,-0.30799650176812804,102.41015625,102.4140625,102.4140625,102.41796875,0.00390625,0.00414180276381909,16997,6717.94472361807,1,0,0,
200,10:20:00,20230206,570640399,102.4140625,-0.30799650176812804,102.4140625,102.41796875,102.4140625,102.41796875,0.00390625,0.004140624999999994,15040,6769.33999999998,1,0,0,
201,10:30:00,20230206,570640399,102.3984375,-0.3232062055591467,102.40625,102.41015625,102.39453125,102.3984375,0.00390625,0.004139458955223875,4328,6810.48756218904,0,0,-1,
202,10:40:00,20230206,570640399,102.38671875,-0.3346134834024107,102.38671875,102.390625,102.3828125,102.38671875,0.00390625,0.0041383044554455396,6304,6798.19801980196,0,0,0,
203,10:50:00,20230206,570640399,102.37109375,-0.3498231871934294,102.3828125,102.38671875,102.37109375,102.375,0.00390625,0.0041371613300492565,9702,6795.76354679801,0,0,-1,
204,11:00:00,20230206,570640399,102.38671875,-0.3346134834024107,102.37890625,102.3828125,102.3828125,102.38671875,0.00390625,0.004136029411764702,8200,6810.00980392155,0,0,1,
205,11:10:00,20230206,570640399,102.36328125,-0.3574280390889387,102.37109375,102.375,102.36328125,102.3671875,0.00390625,0.004134908536585362,7621,6816.79024390242,0,0,-1,
206,11:20:00,20230206,570640399,102.34765625,-0.37263774287995743,102.35546875,102.359375,102.34765625,102.3515625,0.00390625,0.004133798543689316,9992,6820.69417475726,0,0,-1,
207,11:30:00,20230206,570640399,102.3671875,-0.35362561314118407,102.35546875,102.359375,102.3671875,102.37109375,0.00390625,0.004132699275362315,7624,6836.0144927536,0,0,1,
208,11:40:00,20230206,570640399,102.36328125,-0.3574280390889387,102.36328125,102.3671875,102.359375,102.36328125,0.00390625,0.004131610576923073,7542,6839.80288461536,0,0,0,
209,11:50:00,20230206,570640399,102.3671875,-0.35362561314118407,102.35546875,102.359375,102.3671875,102.37109375,0.00390625,0.004130532296650713,4913,6843.16267942581,0,0,1,
210,12:00:00,20230206,570640399,102.3828125,-0.3384159093501654,102.375,102.37890625,102.37890625,102.3828125,0.00390625,0.004129464285714281,6954,6833.9714285714,0,0,1,
211,12:10:00,20230206,570640399,102.37109375,-0.3498231871934294,102.375,102.37890625,102.37109375,102.375,0.00390625,0.00412840639810426,4167,6834.54028436016,0,0,-1,
212,12:20:00,20230206,570640399,102.37890625,-0.34221833529792006,102.37109375,102.375,102.375,102.37890625,0.00390625,0.0041273584905660325,5568,6821.95754716978,0,0,1,
213,12:30:00,20230206,570640399,102.37890625,-0.34221833529792006,102.37890625,102.3828125,102.37890625,102.3828125,0.00390625,0.004126320422535207,5315,6816.07042253518,0,0,0,
214,12:40:00,20230206,570640399,102.3828125,-0.3384159093501654,102.37890625,102.3828125,102.37890625,102.3828125,0.00390625,0.004125292056074762,3395,6809.05607476632,-1,0,0,
215,12:50:00,20230206,570640399,102.3828125,-0.3384159093501654,102.37890625,102.3828125,102.37890625,102.3828125,0.00390625,0.004124273255813949,7029,6793.17674418601,0,0,0,
216,13:00:00,20230206,570640399,102.3828125,-0.3384159093501654,102.3828125,102.38671875,102.3828125,102.38671875,0.00390625,0.004123263888888885,7219,6794.26851851848,0,0,0,
217,13:10:00,20230206,570640399,102.3828125,-0.3384159093501654,102.3828125,102.38671875,102.3828125,102.38671875,0.00390625,0.004122263824884789,7803,6796.22580645158,0,0,0,
218,13:20:00,20230206,570640399,102.3828125,-0.3384159093501654,102.3828125,102.38671875,102.37890625,102.3828125,0.00390625,0.0041212729357798135,3284,6800.84403669722,-1,0,0,
219,13:30:00,20230206,570640399,102.37109375,-0.3498231871934294,102.375,102.37890625,102.37109375,102.375,0.00390625,0.0041202910958904075,6043,6784.78538812783,0,0,-1,
220,13:40:00,20230206,570640399,102.3671875,-0.35362561314118407,102.3671875,102.37109375,102.36328125,102.3671875,0.00390625,0.004119318181818179,5624,6781.41363636361,0,0,0,
221,13:50:00,20230206,570640399,102.3671875,-0.35362561314118407,102.36328125,102.3671875,102.36328125,102.3671875,0.00390625,0.004118354072398187,9720,6776.17647058821,0,0,0,
222,14:00:00,20230206,570640399,102.37890625,-0.34221833529792006,102.37109375,102.375,102.375,102.37890625,0.00390625,0.004117398648648645,9029,6789.43693693691,0,0,1,
223,14:10:00,20230206,570640399,102.375,-0.34602076124567477,102.375,102.37890625,102.375,102.37890625,0.00390625,0.004116451793721969,3691,6799.47982062778,0,0,0,
224,14:20:00,20230206,570640399,102.3828125,-0.3384159093501654,102.37890625,102.3828125,102.3828125,102.38671875,0.00390625,0.0041155133928571395,1987,6785.60267857141,-1,0,0,
225,14:30:00,20230206,570640399,102.3515625,-0.36883531693220273,102.35546875,102.359375,102.34765625,102.3515625,0.00390625,0.00411458333333333,10972,6764.27555555554,1,0,-1,
226,14:40:00,20230206,570640399,102.34375,-0.3764401688277121,102.34765625,102.3515625,102.33984375,102.34375,0.00390625,0.004113661504424776,6632,6782.89380530972,0,0,-1,
227,14:50:00,20230206,570640399,102.32421875,-0.3954522985664854,102.32421875,102.328125,102.3203125,102.32421875,0.00390625,0.0041127477973568255,9083,6782.22907488985,0,0,0,
228,15:00:00,20230206,570640399,102.30859375,-0.4106620023575041,102.30859375,102.3125,102.3046875,102.30859375,0.00390625,0.004111842105263155,8379,6792.32017543858,0,0,0,
229,15:10:00,20230206,570640399,102.3125,-0.4068595764097494,102.30859375,102.3125,102.3125,102.31640625,0.00390625,0.004110944323144102,2997,6799.24890829693,-1,0,0,
230,15:20:00,20230206,570640399,102.3203125,-0.3992547245142401,102.31640625,102.3203125,102.31640625,102.3203125,0.00390625,0.004110054347826084,913,6782.71739130433,-1,0,0,
231,15:30:00,20230206,570640399,102.328125,-0.39164987261873074,102.3203125,102.32421875,102.32421875,102.328125,0.00390625,0.0041091720779220745,3542,6757.30735930734,0,0,1,
232,15:40:00,20230206,570640399,102.328125,-0.39164987261873074,102.32421875,102.328125,102.328125,102.33203125,0.00390625,0.004108297413793101,1590,6743.44827586205,-1,0,0,
233,15:50:00,20230206,570640399,102.328125,-0.39164987261873074,102.32421875,102.328125,102.328125,102.33203125,0.00390625,0.004107430257510728,2050,6721.33047210298,-1,0,0,
234,09:30:00,20230207,570640399,102.3671875,-0.35362561314118407,102.37109375,102.375,102.3671875,102.37109375,0.00390625,0.00410657051282051,5842,6701.3675213675,0,0,-1,
235,09:40:00,20230207,570640399,102.3828125,-0.3384159093501654,102.37109375,102.375,102.37890625,102.3828125,0.00390625,0.00410571808510638,14796,6697.71063829785,1,0,1,
236,09:50:00,20230207,570640399,102.38671875,-0.3346134834024107,102.37890625,102.3828125,102.38671875,102.390625,0.00390625,0.004104872881355929,6621,6732.02542372879,0,0,1,
237,10:00:00,20230207,570640399,102.3984375,-0.3232062055591467,102.390625,102.39453125,102.39453125,102.3984375,0.00390625,0.004104034810126579,10491,6731.55696202529,1,0,1,
238,10:10:00,20230207,570640399,102.3984375,-0.3232062055591467,102.39453125,102.3984375,102.39453125,102.3984375,0.00390625,0.004103203781512602,4264,6747.35294117644,0,0,0,
239,10:20:00,20230207,570640399,102.3828125,-0.3384159093501654,102.3828125,102.38671875,102.37890625,102.3828125,0.00390625,0.004102379707112967,5520,6736.9623430962,0,0,0,
240,10:30:00,20230207,570640399,102.35546875,-0.3650328909844481,102.36328125,102.3671875,102.3515625,102.35546875,0.00390625,0.004101562499999996,13893,6731.89166666663,1,0,-1,
241,10:40:00,20230207,570640399,102.3671875,-0.35362561314118407,102.359375,102.36328125,102.36328125,102.3671875,0.00390625,0.0041007520746887925,12633,6761.6058091286,1,0,1,
242,10:50:00,20230207,570640399,102.34765625,-0.37263774287995743,102.35546875,102.359375,102.34375,102.34765625,0.00390625,0.004099948347107434,9046,6785.86776859501,0,0,-1,
243,11:00:00,20230207,570640399,102.34375,-0.3764401688277121,102.34765625,102.3515625,102.34375,102.34765625,0.00390625,0.004099151234567898,5297,6795.1687242798,0,0,-1,
244,11:10:00,20230207,570640399,102.34375,-0.3764401688277121,102.34375,102.34765625,102.34375,102.34765625,0.00390625,0.004098360655737702,8763,6789.02868852456,0,0,0,
245,11:20:00,20230207,570640399,102.33203125,-0.3878474466709761,102.33984375,102.34375,102.33203125,102.3359375,0.00390625,0.004097576530612242,4455,6797.08571428568,0,0,-1,
246,11:30:00,20230207,570640399,102.3359375,-0.3840450207232214,102.328125,102.33203125,102.33203125,102.3359375,0.00390625,0.0040967987804878024,10793,6787.56504065037,1,0,1,
247,11:40:00,20230207,570640399,102.41015625,-0.31179892771588275,102.37890625,102.3828125,102.40625,102.4140625,0.0078125,0.00409602732793522,32607,6803.78137651818,1,-1,1,
248,11:50:00,20230207,570640399,102.46484375,-0.25856496444731736,102.44140625,102.4453125,102.46484375,102.46875,0.00390625,0.004111013104838707,22794,6907.82661290319,1,0,1,
249,12:00:00,20230207,570640399,102.453125,-0.2699722422905814,102.45703125,102.4609375,102.453125,102.45703125,0.00390625,0.004110190763052207,28290,6971.62650602406,1,0,-1,
250,12:10:00,20230207,570640399,102.42578125,-0.2965892239248641,102.4296875,102.43359375,102.42578125,102.4296875,0.00390625,0.0041093749999999984,17198,7056.89999999996,1,0,-1,
251,12:20:00,20230207,570640399,102.3984375,-0.3232062055591467,102.4140625,102.41796875,102.39453125,102.3984375,0.00390625,0.004108565737051791,16576,7097.30278884458,1,0,-1,
252,12:30:00,20230207,570640399,102.39453125,-0.3270086315069014,102.37890625,102.3828125,102.390625,102.39453125,0.00390625,0.004107762896825395,16828,7134.91666666662,1,0,1,
253,12:40:00,20230207,570640399,102.35546875,-0.3650328909844481,102.375,102.37890625,102.3515625,102.35546875,0.00390625,0.004106966403162053,9360,7173.22924901181,0,0,-1,
254,12:50:00,20230207,570640399,102.37890625,-0.34221833529792006,102.37109375,102.375,102.375,102.37890625,0.00390625,0.00410617618110236,4517,7181.83858267712,0,0,1,
255,13:00:00,20230207,570640399,102.3515625,-0.36883531693220273,102.3671875,102.37109375,102.3515625,102.35546875,0.00390625,0.004105392156862743,5116,7171.38823529407,0,0,-1,
256,13:10:00,20230207,570640399,102.3515625,-0.36883531693220273,102.35546875,102.359375,102.3515625,102.35546875,0.00390625,0.004104614257812497,7630,7163.35937499995,0,0,-1,
257,13:20:00,20230207,570640399,102.34375,-0.3764401688277121,102.34765625,102.3515625,102.34375,102.34765625,0.00390625,0.004103842412451359,8126,7165.17509727622,0,0,-1,
258,13:30:00,20230207,570640399,102.37109375,-0.3498231871934294,102.35546875,102.359375,102.3671875,102.37109375,0.00390625,0.004103076550387595,7985,7168.89922480616,0,0,1,
259,13:40:00,20230207,570640399,102.34375,-0.3764401688277121,102.3515625,102.35546875,102.33984375,102.34375,0.00390625,0.0041023166023166,6268,7172.05019305015,0,0,-1,
260,13:50:00,20230207,570640399,102.33203125,-0.3878474466709761,102.33203125,102.3359375,102.328125,102.33203125,0.00390625,0.004101562499999998,6677,7168.57307692303,0,0,0,
261,14:00:00,20230207,570640399,102.32421875,-0.3954522985664854,102.32421875,102.328125,102.3203125,102.32421875,0.00390625,0.004100814176245208,5477,7166.68965517237,0,0,0,
262,14:10:00,20230207,570640399,102.328125,-0.39164987261873074,102.32421875,102.328125,102.32421875,102.328125,0.00390625,0.004100071564885494,2458,7160.24045801522,-1,0,0,
263,14:20:00,20230207,570640399,102.31640625,-0.40305715046199475,102.3203125,102.32421875,102.3125,102.31640625,0.00390625,0.004099334600760453,2608,7142.36121672999,-1,0,-1,
264,14:30:00,20230207,570640399,102.328125,-0.39164987261873074,102.32421875,102.328125,102.328125,102.33203125,0.00390625,0.004098603219696967,4268,7125.18560606056,0,0,0,
265,14:40:00,20230207,570640399,102.3359375,-0.3840450207232214,102.3359375,102.33984375,102.3359375,102.33984375,0.00390625,0.004097877358490563,4933,7114.40377358486,0,0,0,
266,14:50:00,20230207,570640399,102.3359375,-0.3840450207232214,102.33984375,102.34375,102.3359375,102.33984375,0.00390625,0.004097156954887215,7390,7106.20300751875,0,0,-1,
267,15:00:00,20230207,570640399,102.3203125,-0.3992547245142401,102.328125,102.33203125,102.31640625,102.32421875,0.0078125,0.00409644194756554,5295,7107.26591760295,0,-1,-1,
268,15:10:00,20230207,570640399,102.328125,-0.39164987261873074,102.3203125,102.328125,102.32421875,102.33203125,0.0078125,0.004110307835820892,1253,7100.50373134324,-1,-1,0,
269,15:20:00,20230207,570640399,102.3359375,-0.3840450207232214,102.33203125,102.3359375,102.3359375,102.33984375,0.00390625,0.004124070631970257,2593,7078.76579925646,-1,0,0,
270,15:30:00,20230207,570640399,102.33984375,-0.38024259477546674,102.3359375,102.33984375,102.33984375,102.34375,0.00390625,0.0041232638888888855,1705,7062.15185185181,-1,0,0,
271,15:40:00,20230207,570640399,102.34375,-0.3764401688277121,102.33984375,102.34375,102.33984375,102.34375,0.00390625,0.0041224630996309925,4456,7042.3837638376,0,0,0,
272,15:50:00,20230207,570640399,102.33984375,-0.38024259477546674,102.33984375,102.34375,102.33984375,102.34375,0.00390625,0.0041216681985294075,2550,7032.87499999996,-1,0,0,
273,09:30:00,20230208,570640399,102.32421875,-0.3954522985664854,102.3203125,102.32421875,102.32421875,102.328125,0.00390625,0.004120879120879117,5280,7016.45421245417,0,0,0,
274,09:40:00,20230208,570640399,102.32421875,-0.3954522985664854,102.3203125,102.32421875,102.32421875,102.328125,0.00390625,0.004120095802919704,6641,7010.11678832113,0,0,0,
275,09:50:00,20230208,570640399,102.3359375,-0.3840450207232214,102.328125,102.33203125,102.3359375,102.33984375,0.00390625,0.004119318181818177,7937,7008.77454545451,0,0,1,
276,10:00:00,20230208,570640399,102.34765625,-0.37263774287995743,102.33984375,102.34375,102.34375,102.34765625,0.00390625,0.00411854619565217,5840,7012.13768115938,0,0,1,
277,10:10:00,20230208,570640399,102.3515625,-0.36883531693220273,102.34765625,102.3515625,102.34765625,102.35546875,0.0078125,0.004117779783393498,5057,7007.90613718408,0,-1,0,
278,10:20:00,20230208,570640399,102.33984375,-0.38024259477546674,102.33984375,102.34375,102.3359375,102.33984375,0.00390625,0.004131070143884888,3361,7000.8884892086,-1,0,0,
279,10:30:00,20230208,570640399,102.3359375,-0.3840450207232214,102.3359375,102.33984375,102.33203125,102.3359375,0.00390625,0.004130264336917559,3056,6987.84229390678,-1,0,0,
280,10:40:00,20230208,570640399,102.33984375,-0.38024259477546674,102.3359375,102.33984375,102.3359375,102.33984375,0.00390625,0.0041294642857142815,4630,6973.79999999997,0,0,0,
281,10:50:00,20230208,570640399,102.34375,-0.3764401688277121,102.34375,102.34765625,102.34375,102.34765625,0.00390625,0.004128669928825619,5758,6965.45907473307,0,0,0,
282,11:00:00,20230208,570640399,102.34765625,-0.37263774287995743,102.34375,102.34765625,102.34375,102.34765625,0.00390625,0.004127881205673755,3602,6961.17730496451,0,0,0,
283,11:10:00,20230208,570640399,102.34765625,-0.37263774287995743,102.34765625,102.35546875,102.34765625,102.3515625,0.00390625,0.004127098056537099,3770,6949.30742049467,0,0,0,
284,11:20:00,20230208,570640399,102.35546875,-0.3650328909844481,102.3515625,102.35546875,102.3515625,102.35546875,0.00390625,0.004126320422535208,6238,6938.11267605631,0,0,0,
285,11:30:00,20230208,570640399,102.34375,-0.3764401688277121,102.34765625,102.3515625,102.34375,102.34765625,0.00390625,0.004125548245614032,4268,6935.65614035085,0,0,-1,
286,11:40:00,20230208,570640399,102.34375,-0.3764401688277121,102.33984375,102.34375,102.34375,102.34765625,0.00390625,0.004124781468531466,2475,6926.32867132864,-1,0,0,
287,11:50:00,20230208,570640399,102.3359375,-0.3840450207232214,102.33984375,102.34765625,102.3359375,102.34375,0.0078125,0.004124020034843203,3317,6910.81881533098,-1,-1,-1,SELL
288,12:00:00,20230208,570640399,102.375,-0.34602076124567477,102.36328125,102.3671875,102.37109375,102.375,0.00390625,0.0041368272569444415,12004,6898.34027777775,1,0,1,
289,12:10:00,20230208,570640399,102.36328125,-0.3574280390889387,102.36328125,102.3671875,102.36328125,102.3671875,0.00390625,0.004136029411764703,7935,6916.0069204152,0,0,0,
290,12:20:00,20230208,570640399,102.33984375,-0.38024259477546674,102.34765625,102.3515625,102.3359375,102.33984375,0.00390625,0.004135237068965515,8409,6919.52068965515,0,0,-1,
291,12:30:00,20230208,570640399,102.33984375,-0.38024259477546674,102.34375,102.34765625,102.33984375,102.34375,0.00390625,0.004134450171821303,5165,6924.63917525771,0,0,-1,
292,12:40:00,20230208,570640399,102.3359375,-0.3840450207232214,102.33203125,102.3359375,102.3359375,102.33984375,0.00390625,0.004133668664383559,3989,6918.61301369861,0,0,0,
293,12:50:00,20230208,570640399,102.33984375,-0.38024259477546674,102.3359375,102.33984375,102.33984375,102.34375,0.00390625,0.004132892491467574,2806,6908.61433447097,-1,0,0,
294,13:00:00,20230208,570640399,102.33984375,-0.38024259477546674,102.3359375,102.33984375,102.3359375,102.33984375,0.00390625,0.004132121598639453,1959,6894.65986394556,-1,0,0,
295,13:10:00,20230208,570640399,102.34765625,-0.37263774287995743,102.34375,102.34765625,102.34375,102.34765625,0.00390625,0.004131355932203387,3570,6877.9288135593,0,0,0,
296,13:20:00,20230208,570640399,102.3359375,-0.3840450207232214,102.3359375,102.33984375,102.33203125,102.3359375,0.00390625,0.004130595439189186,2616,6866.75337837836,-1,0,0,
297,13:30:00,20230208,570640399,102.34765625,-0.37263774287995743,102.34375,102.34765625,102.34375,102.34765625,0.00390625,0.004129840067340064,2560,6852.44107744106,-1,0,0,
298,13:40:00,20230208,570640399,102.34765625,-0.37263774287995743,102.34375,102.34765625,102.34375,102.34765625,0.00390625,0.0041290897651006684,7697,6838.03691275166,0,0,0,
299,13:50:00,20230208,570640399,102.3515625,-0.36883531693220273,102.34765625,102.3515625,102.3515625,102.35546875,0.00390625,0.004128344481605348,6631,6840.90969899664,0,0,0,
300,14:00:00,20230208,570640399,102.34765625,-0.37263774287995743,102.3515625,102.35546875,102.34765625,102.3515625,0.00390625,0.004127604166666664,8017,6840.20999999998,0,0,-1,
301,14:10:00,20230208,570640399,102.34375,-0.3764401688277121,102.3515625,102.35546875,102.34375,102.34765625,0.00390625,0.004126868770764116,4745,6844.11960132888,0,0,-1,
302,14:20:00,20230208,570640399,102.35546875,-0.3650328909844481,102.3515625,102.35546875,102.3515625,102.35546875,0.00390625,0.004126138245033109,3423,6837.16887417216,0,0,0,
303,14:30:00,20230208,570640399,102.359375,-0.3612304650366934,102.3515625,102.35546875,102.359375,102.36328125,0.00390625,0.0041254125412541216,3430,6825.90099009898,0,0,1,
304,14:40:00,20230208,570640399,102.375,-0.34602076124567477,102.3671875,102.37109375,102.375,102.37890625,0.00390625,0.004124691611842102,7524,6814.73026315787,0,0,1,
305,14:50:00,20230208,570640399,102.39453125,-0.3270086315069014,102.37890625,102.3828125,102.390625,102.39453125,0.00390625,0.004123975409836062,18259,6817.05573770489,1,0,1,
306,15:00:00,20230208,570640399,102.39453125,-0.3270086315069014,102.390625,102.39453125,102.39453125,102.3984375,0.00390625,0.0041232638888888855,11415,6854.44771241827,1,0,0,
307,15:10:00,20230208,570640399,102.39453125,-0.3270086315069014,102.390625,102.39453125,102.39453125,102.3984375,0.00390625,0.004122557003257326,2452,6869.30293159606,-1,0,0,
308,15:20:00,20230208,570640399,102.40234375,-0.31940377961139205,102.3984375,102.40234375,102.3984375,102.40234375,0.00390625,0.0041218547077922045,2185,6854.96103896101,-1,0,0,
309,15:30:00,20230208,570640399,102.39453125,-0.3270086315069014,102.39453125,102.3984375,102.39453125,102.3984375,0.00390625,0.0041211569579288,1134,6839.8478964401,-1,0,0,
310,15:40:00,20230208,570640399,102.40625,-0.3156013536636374,102.40234375,102.40625,102.40234375,102.40625,0.00390625,0.004120463709677416,4991,6821.44193548384,0,0,0,
311,15:50:00,20230208,570640399,102.41015625,-0.31179892771588275,102.40234375,102.40625,102.40625,102.41015625,0.00390625,0.004119774919614145,2689,6815.55627009643,-1,0,1,
312,09:30:00,20230209,570640399,102.33203125,-0.3878474466709761,102.33203125,102.3359375,102.328125,102.33203125,0.00390625,0.0041190905448717915,5472,6802.3301282051,0,0,0,
313,09:40:00,20230209,570640399,102.33203125,-0.3878474466709761,102.33203125,102.3359375,102.33203125,102.3359375,0.00390625,0.004118410543130987,7147,6798.07987220444,0,0,0,
314,09:50:00,20230209,570640399,102.3203125,-0.3992547245142401,102.32421875,102.328125,102.3203125,102.32421875,0.00390625,0.004117734872611462,9616,6799.19108280252,0,0,-1,
315,10:00:00,20230209,570640399,102.33203125,-0.3878474466709761,102.3203125,102.32421875,102.328125,102.33203125,0.00390625,0.004117063492063489,6410,6808.13333333331,0,0,1,
316,10:10:00,20230209,570640399,102.32421875,-0.3954522985664854,102.328125,102.33203125,102.3203125,102.32421875,0.00390625,0.0041163963607594905,4454,6806.8734177215,0,0,-1,
317,10:20:00,20230209,570640399,102.32421875,-0.3954522985664854,102.3203125,102.32421875,102.3203125,102.32421875,0.00390625,0.004115733438485801,4611,6799.45110410093,0,0,0,
318,10:30:00,20230209,570640399,102.33203125,-0.3878474466709761,102.32421875,102.328125,102.328125,102.33203125,0.00390625,0.004115074685534589,3845,6792.56918238992,0,0,1,
319,10:40:00,20230209,570640399,102.33203125,-0.3878474466709761,102.328125,102.33203125,102.328125,102.33203125,0.00390625,0.004114420062695922,1620,6783.329153605,-1,0,0,
320,10:50:00,20230209,570640399,102.3359375,-0.3840450207232214,102.3359375,102.33984375,102.3359375,102.33984375,0.00390625,0.004113769531249998,4934,6767.19374999998,0,0,0,
321,11:00:00,20230209,570640399,102.33203125,-0.3878474466709761,102.33203125,102.3359375,102.328125,102.33203125,0.00390625,0.0041131230529594985,3492,6761.48286604359,0,0,0,
322,11:10:00,20230209,570640399,102.3125,-0.4068595764097494,102.3203125,102.32421875,102.3125,102.31640625,0.00390625,0.0041124805900621085,3749,6751.32919254656,0,0,-1,
323,11:20:00,20230209,570640399,102.3125,-0.4068595764097494,102.3125,102.31640625,102.3125,102.31640625,0.00390625,0.004111842105263155,6089,6742.03405572753,0,0,0,
324,11:30:00,20230209,570640399,102.31640625,-0.40305715046199475,102.31640625,102.3203125,102.31640625,102.3203125,0.00390625,0.0041112075617283925,4178,6740.0185185185,0,0,0,
325,11:40:00,20230209,570640399,102.3125,-0.4068595764097494,102.30859375,102.3125,102.30859375,102.3125,0.00390625,0.00411057692307692,7743,6732.13538461537,0,0,0,
326,11:50:00,20230209,570640399,102.33203125,-0.3878474466709761,102.3125,102.31640625,102.32421875,102.33203125,0.0078125,0.00410995015337423,5735,6735.236196319,0,-1,1,
327,12:00:00,20230209,570640399,102.3125,-0.4068595764097494,102.31640625,102.3203125,102.30859375,102.3125,0.00390625,0.0041212729357798135,7922,6732.17737003056,0,0,-1,
328,12:10:00,20230209,570640399,102.30078125,-0.4182668542530134,102.3046875,102.30859375,102.296875,102.30078125,0.00390625,0.004120617378048777,3065,6735.80487804876,-1,0,-1,
329,12:20:00,20230209,570640399,102.28125,-0.4372789839917867,102.28515625,102.2890625,102.27734375,102.28125,0.00390625,0.004119965805471122,12441,6724.64741641335,1,0,-1,
330,12:30:00,20230209,570640399,102.27734375,-0.4410814099395415,102.28125,102.28515625,102.27734375,102.28125,0.00390625,0.004119318181818179,6202,6741.96969696967,0,0,-1,
331,12:40:00,20230209,570640399,102.2734375,-0.4448838358872961,102.2734375,102.27734375,102.26953125,102.27734375,0.0078125,0.004118674471299091,4294,6740.33836858003,0,-1,0,
332,12:50:00,20230209,570640399,102.26171875,-0.45629111373056014,102.265625,102.26953125,102.2578125,102.26171875,0.00390625,0.0041298004518072265,3409,6732.96987951804,0,0,-1,
333,13:00:00,20230209,570640399,102.26953125,-0.4486862618350507,102.25390625,102.2578125,102.265625,102.26953125,0.00390625,0.004129129129129127,9205,6722.98798798796,0,0,1,
334,13:10:00,20230209,570640399,102.25,-0.46769839157382415,102.25390625,102.2578125,102.25,102.25390625,0.00390625,0.004128461826347303,5941,6730.41916167662,0,0,-1,
335,13:20:00,20230209,570640399,102.25,-0.46769839157382415,102.2421875,102.24609375,102.24609375,102.25,0.00390625,0.004127798507462684,5924,6728.06268656714,0,0,1,
336,13:30:00,20230209,570640399,102.25,-0.46769839157382415,102.24609375,102.25,102.24609375,102.25,0.00390625,0.004127139136904759,6410,6725.66964285712,0,0,0,
337,13:40:00,20230209,570640399,102.2421875,-0.4753032434693334,102.25,102.25390625,102.2421875,102.24609375,0.00390625,0.00412648367952522,6178,6724.73293768544,0,0,-1,
338,13:50:00,20230209,570640399,102.234375,-0.4829080953648428,102.24609375,102.25,102.234375,102.23828125,0.00390625,0.004125832100591713,7533,6723.11538461536,0,0,-1,
339,14:00:00,20230209,570640399,102.25,-0.46769839157382415,102.2421875,102.24609375,102.25,102.25390625,0.00390625,0.0041251843657817075,7432,6725.50442477874,0,0,1,
340,14:10:00,20230209,570640399,102.2578125,-0.46009353967831473,102.25,102.25390625,102.25390625,102.2578125,0.00390625,0.004124540441176467,3351,6727.58235294116,-1,0,1,
341,14:20:00,20230209,570640399,102.2578125,-0.46009353967831473,102.2578125,102.26171875,102.2578125,102.26171875,0.00390625,0.004123900293255128,2931,6717.68035190614,-1,0,0,
342,14:30:00,20230209,570640399,102.26953125,-0.4486862618350507,102.26171875,102.265625,102.26953125,102.2734375,0.00390625,0.0041232638888888855,4414,6706.60818713448,0,0,1,
343,14:40:00,20230209,570640399,102.265625,-0.4524886877828055,102.265625,102.26953125,102.26171875,102.265625,0.00390625,0.004122631195335274,2769,6699.92419825071,-1,0,0,
344,14:50:00,20230209,570640399,102.26171875,-0.45629111373056014,102.2578125,102.26171875,102.26171875,102.265625,0.00390625,0.004122002180232555,3575,6688.49709302324,0,0,0,
345,15:00:00,20230209,570640399,102.27734375,-0.4410814099395415,102.2734375,102.27734375,102.27734375,102.28125,0.00390625,0.0041213768115942,4193,6679.4724637681,0,0,0,
346,15:10:00,20230209,570640399,102.28515625,-0.43347655804403207,102.28125,102.28515625,102.28125,102.28515625,0.00390625,0.004120755057803465,2743,6672.28612716761,-1,0,0,
347,15:20:00,20230209,570640399,102.28515625,-0.43347655804403207,102.27734375,102.28125,102.28125,102.28515625,0.00390625,0.004120136887608067,1617,6660.96253602304,-1,0,1,
348,15:30:00,20230209,570640399,102.2890625,-0.4296741320962774,102.28515625,102.2890625,102.28515625,102.2890625,0.00390625,0.0041195222701149396,1547,6646.46839080458,-1,0,0,
349,15:40:00,20230209,570640399,102.28515625,-0.43347655804403207,102.28515625,102.2890625,102.28125,102.2890625,0.0078125,0.004118911174785097,1227,6631.85673352434,-1,-1,0,
350,15:50:00,20230209,570640399,102.28125,-0.4372789839917867,102.28125,102.28515625,102.28125,102.28515625,0.00390625,0.004129464285714283,1696,6616.41428571427,-1,0,0,
