N-term, time, date, conId, Current Price, Changes in Price (%), Time Average Bid, Time Average Ask, Last Bid Price, Last Ask Price, Bid-Ask Spread, Average Bid-Ask Spread, Current Volume, Average Volume, Volume Condition, Bid-Ask Spread Condition, Last Traded Condition, Order
0,09:30:00,20230130,570640394,109.03125,-0.028653295128939826,109.046875,109.046875,109.0234375,109.03125,0.0078125,0,13498,0,1,-1,-1,
1,09:40:00,20230130,570640394,109.046875,-0.014326647564469913,109.03125,109.03125,109.0390625,109.046875,0.0078125,0.0078125,9595,13498,0,0,1,
2,09:50:00,20230130,570640394,109.0390625,-0.02148997134670487,109.03125,109.03125,109.03125,109.0390625,0.0078125,0.0078125,15218,11546.5,0,0,1,
3,10:00:00,20230130,570640394,109.015625,-0.04297994269340974,109.0078125,109.0078125,109.0078125,109.015625,0.0078125,0.0078125,12756,12770.3333333333,0,0,1,
4,10:10:00,20230130,570640394,109.015625,-0.04297994269340974,109.0234375,109.0234375,109.015625,109.0234375,0.0078125,0.0078125,16859,12766.75,0,0,-1,
5,10:20:00,20230130,570640394,109.015625,-0.04297994269340974,109.015625,109.015625,109.015625,109.0234375,0.0078125,0.0078125,8438,13585.2,0,0,0,
6,10:30:00,20230130,570640394,109.0078125,-0.050143266475644696,109,109,109.0078125,109.015625,0.0078125,0.0078125,6795,12727.3333333333,0,0,1,
7,10:40:00,20230130,570640394,109.0390625,-0.02148997134670487,109.03125,109.03125,109.03125,109.0390625,0.0078125,0.0078125,10798,11879.8571428571,0,0,1,
8,10:50:00,20230130,570640394,109.0546875,-0.007163323782234957,109.0390625,109.0390625,109.0546875,109.0625,0.0078125,0.0078125,5662,11744.625,-1,0,1,
9,11:00:00,20230130,570640394,109.046875,-0.014326647564469913,109.0390625,109.0390625,109.0390625,109.046875,0.0078125,0.0078125,11068,11068.7777777778,0,0,1,
10,11:10:00,20230130,570640394,109.0078125,-0.050143266475644696,109.03125,109.03125,109.0078125,109.015625,0.0078125,0.0078125,7470,11068.7,0,0,-1,
11,11:20:00,20230130,570640394,109.015625,-0.04297994269340974,109.0078125,109.0078125,109.015625,109.0234375,0.0078125,0.0078125,8565,10741.5454545455,0,0,1,
12,11:30:00,20230130,570640394,109.0234375,-0.03581661891117478,109.0078125,109.0078125,109.0234375,109.03125,0.0078125,0.0078125,9739,10560.1666666667,0,0,1,
13,11:40:00,20230130,570640394,109.0390625,-0.02148997134670487,109.03125,109.03125,109.0390625,109.046875,0.0078125,0.0078125,7749,10497,0,0,1,
14,11:50:00,20230130,570640394,109.015625,-0.04297994269340974,109.0234375,109.0234375,109.015625,109.0234375,0.0078125,0.0078125,7559,10300.7142857143,0,0,-1,
15,12:00:00,20230130,570640394,109.046875,-0.014326647564469913,109.03125,109.03125,109.0390625,109.046875,0.0078125,0.0078125,3603,10117.9333333333,-1,0,1,
16,12:10:00,20230130,570640394,109.0390625,-0.02148997134670487,109.03125,109.03125,109.0390625,109.046875,0.0078125,0.0078125,5253,9710.74999999997,0,0,1,
17,12:20:00,20230130,570640394,109.0546875,-0.007163323782234957,109.046875,109.046875,109.0546875,109.0625,0.0078125,0.0078125,10015,9448.52941176468,0,0,1,
18,12:30:00,20230130,570640394,109.0703125,0.007163323782234957,109.0625,109.0625,109.0703125,109.078125,0.0078125,0.0078125,4025,9479.99999999998,-1,0,1,
19,12:40:00,20230130,570640394,109.0625,0,109.0703125,109.0703125,109.0625,109.0703125,0.0078125,0.0078125,3694,9192.89473684209,-1,0,-1,
20,12:50:00,20230130,570640394,109.0703125,0.007163323782234957,109.0703125,109.0703125,109.0703125,109.078125,0.0078125,0.0078125,7050,8917.94999999999,0,0,0,
21,13:00:00,20230130,570640394,109.0703125,0.007163323782234957,109.0703125,109.0703125,109.0625,109.0703125,0.0078125,0.0078125,3662,8828.99999999999,-1,0,0,
22,13:10:00,20230130,570640394,109.0625,0,109.0625,109.0625,109.0546875,109.0625,0.0078125,0.0078125,12694,8594.13636363636,0,0,0,
23,13:20:00,20230130,570640394,109.046875,-0.014326647564469913,109.0546875,109.0546875,109.046875,109.0546875,0.0078125,0.0078125,3670,8772.39130434782,-1,0,-1,
24,13:30:00,20230130,570640394,109.046875,-0.014326647564469913,109.046875,109.046875,109.0390625,109.046875,0.0078125,0.0078125,7561,8559.79166666666,0,0,0,
25,13:40:00,20230130,570640394,109.046875,-0.014326647564469913,109.0390625,109.0390625,109.0390625,109.046875,0.0078125,0.0078125,7644,8519.84,0,0,1,
26,13:50:00,20230130,570640394,109.03125,-0.028653295128939826,109.0390625,109.0390625,109.0234375,109.03125,0.0078125,0.0078125,14842,8486.15384615384,1,0,-1,
27,14:00:00,20230130,570640394,109.0234375,-0.03581661891117478,109.03125,109.03125,109.0234375,109.03125,0.0078125,0.0078125,14881,8721.55555555555,1,0,-1,
28,14:10:00,20230130,570640394,109.0546875,-0.007163323782234957,109.0390625,109.0390625,109.046875,109.0546875,0.0078125,0.0078125,4419,8941.53571428571,-1,0,1,
29,14:20:00,20230130,570640394,109.0390625,-0.02148997134670487,109.0390625,109.0390625,109.0390625,109.046875,0.0078125,0.0078125,5904,8785.58620689655,0,0,0,
30,14:30:00,20230130,570640394,109.046875,-0.014326647564469913,109.0390625,109.0390625,109.046875,109.0546875,0.0078125,0.0078125,11616,8689.53333333333,0,0,1,
31,14:40:00,20230130,570640394,109.0625,0,109.0546875,109.0546875,109.0625,109.0703125,0.0078125,0.0078125,17818,8783.93548387096,1,0,1,
32,14:50:00,20230130,570640394,109.046875,-0.014326647564469913,109.0546875,109.0546875,109.046875,109.0546875,0.0078125,0.0078125,10989,9066.24999999999,0,0,-1,
33,15:00:00,20230130,570640394,109.078125,0.014326647564469913,109.0703125,109.0703125,109.078125,109.0859375,0.0078125,0.0078125,12921,9124.51515151514,0,0,1,
34,15:10:00,20230130,570640394,109.109375,0.04297994269340974,109.0859375,109.0859375,109.1015625,109.109375,0.0078125,0.0078125,14011,9236.17647058822,1,0,1,
35,15:20:00,20230130,570640394,109.09375,0.028653295128939826,109.09375,109.09375,109.0859375,109.09375,0.0078125,0.0078125,7690,9372.59999999998,0,0,0,
36,15:30:00,20230130,570640394,109.1171875,0.050143266475644696,109.09375,109.09375,109.109375,109.1171875,0.0078125,0.0078125,5017,9325.86111111109,0,0,1,
37,15:40:00,20230130,570640394,109.1171875,0.050143266475644696,109.109375,109.109375,109.1171875,109.125,0.0078125,0.0078125,2748,9209.40540540538,-1,0,1,
38,15:50:00,20230130,570640394,109.1171875,0.050143266475644696,109.125,109.125,109.1171875,109.125,0.0078125,0.0078125,4399,9039.36842105261,-1,0,-1,
39,09:30:00,20230131,570640394,109.1640625,0.09312320916905444,109.1484375,109.1484375,109.1640625,109.171875,0.0078125,0.0078125,13183,8920.38461538459,0,0,1,
40,09:40:00,20230131,570640394,109.171875,0.10028653295128939,109.1796875,109.1796875,109.171875,109.1796875,0.0078125,0.0078125,14465,9026.94999999998,1,0,-1,
41,09:50:00,20230131,570640394,109.2109375,0.1361031518624642,109.1640625,109.1640625,109.203125,109.2109375,0.0078125,0.0078125,12696,9159.58536585364,0,0,1,
42,10:00:00,20230131,570640394,109.2109375,0.1361031518624642,109.2109375,109.2109375,109.2109375,109.21875,0.0078125,0.0078125,10476,9243.7857142857,0,0,0,
43,10:10:00,20230131,570640394,109.2265625,0.1504297994269341,109.2109375,109.2109375,109.21875,109.2265625,0.0078125,0.0078125,7740,9272.4418604651,0,0,1,
44,10:20:00,20230131,570640394,109.2734375,0.19340974212034384,109.234375,109.234375,109.265625,109.2734375,0.0078125,0.0078125,10367,9237.61363636362,0,0,1,
45,10:30:00,20230131,570640394,109.2578125,0.17908309455587393,109.2578125,109.2578125,109.25,109.2578125,0.0078125,0.0078125,6670,9262.7111111111,0,0,0,
46,10:40:00,20230131,570640394,109.25,0.17191977077363896,109.2421875,109.2421875,109.2421875,109.25,0.0078125,0.0078125,4746,9206.34782608695,0,0,1,
47,10:50:00,20230131,570640394,109.265625,0.18624641833810887,109.2578125,109.2578125,109.2578125,109.265625,0.0078125,0.0078125,8743,9111.44680851063,0,0,1,
48,11:00:00,20230131,570640394,109.234375,0.15759312320916904,109.234375,109.234375,109.2265625,109.234375,0.0078125,0.0078125,12829,9103.77083333332,0,0,0,
49,11:10:00,20230131,570640394,109.2109375,0.1361031518624642,109.2109375,109.2109375,109.203125,109.2109375,0.0078125,0.0078125,7063,9179.79591836734,0,0,0,
50,11:20:00,20230131,570640394,109.1953125,0.12177650429799428,109.203125,109.203125,109.1953125,109.203125,0.0078125,0.0078125,4191,9137.45999999999,-1,0,-1,
51,11:30:00,20230131,570640394,109.2109375,0.1361031518624642,109.1953125,109.1953125,109.2109375,109.21875,0.0078125,0.0078125,6434,9040.47058823528,0,0,1,
52,11:40:00,20230131,570640394,109.25,0.17191977077363896,109.2265625,109.2265625,109.2421875,109.25,0.0078125,0.0078125,8723,8990.34615384614,0,0,1,
53,11:50:00,20230131,570640394,109.2265625,0.1504297994269341,109.234375,109.234375,109.21875,109.2265625,0.0078125,0.0078125,7200,8985.30188679244,0,0,-1,
54,12:00:00,20230131,570640394,109.2265625,0.1504297994269341,109.21875,109.21875,109.2265625,109.234375,0.0078125,0.0078125,5613,8952.24074074073,0,0,1,
55,12:10:00,20230131,570640394,109.2421875,0.16475644699140402,109.234375,109.234375,109.234375,109.2421875,0.0078125,0.0078125,7398,8891.52727272726,0,0,1,
56,12:20:00,20230131,570640394,109.2265625,0.1504297994269341,109.234375,109.234375,109.2265625,109.234375,0.0078125,0.0078125,6504,8864.85714285713,0,0,-1,
57,12:30:00,20230131,570640394,109.2265625,0.1504297994269341,109.2265625,109.2265625,109.2265625,109.234375,0.0078125,0.0078125,6261,8823.43859649122,0,0,0,
58,12:40:00,20230131,570640394,109.2265625,0.1504297994269341,109.2265625,109.2265625,109.21875,109.2265625,0.0078125,0.0078125,3364,8779.25862068965,-1,0,0,
59,12:50:00,20230131,570640394,109.25,0.17191977077363896,109.2265625,109.2265625,109.2421875,109.25,0.0078125,0.0078125,12042,8687.47457627118,0,0,1,
60,13:00:00,20230131,570640394,109.2578125,0.17908309455587393,109.25,109.25,109.25,109.2578125,0.0078125,0.0078125,12814,8743.38333333333,0,0,1,
61,13:10:00,20230131,570640394,109.2734375,0.19340974212034384,109.265625,109.265625,109.2734375,109.28125,0.0078125,0.0078125,6904,8810.11475409836,0,0,1,
62,13:20:00,20230131,570640394,109.28125,0.20057306590257878,109.28125,109.28125,109.2734375,109.28125,0.0078125,0.0078125,9775,8779.37096774194,0,0,0,
63,13:30:00,20230131,570640394,109.296875,0.21489971346704873,109.2890625,109.2890625,109.2890625,109.296875,0.0078125,0.0078125,5857,8795.17460317461,0,0,1,
64,13:40:00,20230131,570640394,109.2890625,0.20773638968481375,109.296875,109.296875,109.2890625,109.296875,0.0078125,0.0078125,5657,8749.26562500001,0,0,-1,
65,13:50:00,20230131,570640394,109.265625,0.18624641833810887,109.265625,109.265625,109.2578125,109.265625,0.0078125,0.0078125,43825,8701.69230769232,1,0,0,
66,14:00:00,20230131,570640394,109.265625,0.18624641833810887,109.25,109.25,109.2578125,109.265625,0.0078125,0.0078125,29004,9233.86363636365,1,0,1,
67,14:10:00,20230131,570640394,109.2578125,0.17908309455587393,109.265625,109.265625,109.2578125,109.265625,0.0078125,0.0078125,12570,9528.94029850748,0,0,-1,
68,14:20:00,20230131,570640394,109.265625,0.18624641833810887,109.2578125,109.2578125,109.265625,109.2734375,0.0078125,0.0078125,19702,9573.6617647059,1,0,1,
69,14:30:00,20230131,570640394,109.296875,0.21489971346704873,109.28125,109.28125,109.2890625,109.296875,0.0078125,0.0078125,22996,9720.44927536234,1,0,1,
70,14:40:00,20230131,570640394,109.3046875,0.2220630372492837,109.2890625,109.2890625,109.296875,109.3046875,0.0078125,0.0078125,37094,9910.10000000002,1,0,1,
71,14:50:00,20230131,570640394,109.453125,0.35816618911174786,109.34375,109.34375,109.453125,109.4609375,0.0078125,0.0078125,174212,10292.9718309859,1,0,1,
72,15:00:00,20230131,570640394,109.3125,0.2292263610315186,109.34375,109.34375,109.3125,109.3203125,0.0078125,0.0078125,73569,12569.625,1,0,-1,
73,15:10:00,20230131,570640394,109.359375,0.2722063037249284,109.3515625,109.3515625,109.359375,109.3671875,0.0078125,0.0078125,20081,13405.2328767123,0,0,1,
74,15:20:00,20230131,570640394,109.3671875,0.2793696275071633,109.3515625,109.3515625,109.359375,109.3671875,0.0078125,0.0078125,9126,13495.4459459459,0,0,1,
75,15:30:00,20230131,570640394,109.3515625,0.26504297994269344,109.3515625,109.3515625,109.34375,109.3515625,0.0078125,0.0078125,7996,13437.1866666666,0,0,0,
76,15:40:00,20230131,570640394,109.3515625,0.26504297994269344,109.34375,109.34375,109.3515625,109.359375,0.0078125,0.0078125,5593,13365.5921052631,-1,0,1,
77,15:50:00,20230131,570640394,109.3359375,0.2507163323782235,109.3359375,109.3359375,109.3359375,109.34375,0.0078125,0.0078125,4451,13264.6493506493,-1,0,0,
78,09:30:00,20230201,570640394,109.3515625,0.26504297994269344,109.3671875,109.3671875,109.3515625,109.359375,0.0078125,0.0078125,13568,13151.6538461538,0,0,-1,
79,09:40:00,20230201,570640394,109.4296875,0.336676217765043,109.3828125,109.3828125,109.421875,109.4296875,0.0078125,0.0078125,14129,13156.9240506329,0,0,1,
80,09:50:00,20230201,570640394,109.3828125,0.29369627507163326,109.40625,109.40625,109.3828125,109.390625,0.0078125,0.0078125,12098,13169.075,0,0,-1,
81,10:00:00,20230201,570640394,109.375,0.28653295128939826,109.3828125,109.3828125,109.3671875,109.375,0.0078125,0.0078125,14154,13155.8518518519,0,0,-1,
82,10:10:00,20230201,570640394,109.3984375,0.30802292263610315,109.3828125,109.3828125,109.390625,109.3984375,0.0078125,0.0078125,10438,13168.024390244,0,0,1,
83,10:20:00,20230201,570640394,109.4140625,0.3223495702005731,109.40625,109.40625,109.4140625,109.421875,0.0078125,0.0078125,8342,13135.1325301206,0,0,1,
84,10:30:00,20230201,570640394,109.3984375,0.30802292263610315,109.40625,109.40625,109.3984375,109.40625,0.0078125,0.0078125,5187,13078.0714285715,-1,0,-1,
85,10:40:00,20230201,570640394,109.40625,0.3151862464183381,109.40625,109.40625,109.3984375,109.40625,0.0078125,0.0078125,5397,12985.2352941177,-1,0,0,
86,10:50:00,20230201,570640394,109.4453125,0.3510028653295129,109.4140625,109.4140625,109.4375,109.4453125,0.0078125,0.0078125,10877,12897.0000000001,0,0,1,
87,11:00:00,20230201,570640394,109.453125,0.35816618911174786,109.4453125,109.4453125,109.4453125,109.453125,0.0078125,0.0078125,15253,12873.7816091955,0,0,1,
88,11:10:00,20230201,570640394,109.453125,0.35816618911174786,109.4453125,109.4453125,109.4453125,109.453125,0.0078125,0.0078125,7400,12900.8181818183,0,0,1,
89,11:20:00,20230201,570640394,109.4375,0.3438395415472779,109.4453125,109.4453125,109.4296875,109.4375,0.0078125,0.0078125,11464,12839.0112359552,0,0,-1,
90,11:30:00,20230201,570640394,109.4375,0.3438395415472779,109.4375,109.4375,109.4375,109.4453125,0.0078125,0.0078125,10685,12823.7333333335,0,0,0,
91,11:40:00,20230201,570640394,109.4921875,0.3939828080229226,109.453125,109.453125,109.484375,109.4921875,0.0078125,0.0078125,14524,12800.2307692309,0,0,1,
92,11:50:00,20230201,570640394,109.4921875,0.3939828080229226,109.484375,109.484375,109.484375,109.4921875,0.0078125,0.0078125,8434,12818.9673913045,0,0,1,
93,12:00:00,20230201,570640394,109.484375,0.3868194842406877,109.4765625,109.4765625,109.4765625,109.484375,0.0078125,0.0078125,9633,12771.8172043012,0,0,1,
94,12:10:00,20230201,570640394,109.4453125,0.3510028653295129,109.4609375,109.4609375,109.4453125,109.453125,0.0078125,0.0078125,7769,12738.425531915,0,0,-1,
95,12:20:00,20230201,570640394,109.4375,0.3438395415472779,109.4375,109.4375,109.4296875,109.4375,0.0078125,0.0078125,6217,12686.1157894738,-1,0,0,
96,12:30:00,20230201,570640394,109.4140625,0.3223495702005731,109.421875,109.421875,109.4140625,109.421875,0.0078125,0.0078125,7025,12618.7291666668,0,0,-1,
97,12:40:00,20230201,570640394,109.4140625,0.3223495702005731,109.4140625,109.4140625,109.4140625,109.421875,0.0078125,0.0078125,12900,12561.0618556702,0,0,0,
98,12:50:00,20230201,570640394,109.375,0.28653295128939826,109.390625,109.390625,109.3671875,109.390625,0.0234375,0.0078125,12259,12564.5204081634,0,-1,-1,
99,13:00:00,20230201,570640394,109.3671875,0.2793696275071633,109.296875,109.296875,109.359375,109.3671875,0.0078125,0.007970328282828284,52397,12561.4343434345,1,0,1,
100,13:10:00,20230201,570640394,109.3359375,0.2507163323782235,109.359375,109.359375,109.3359375,109.34375,0.0078125,0.007968750000000002,18169,12959.7900000002,0,0,-1,
101,13:20:00,20230201,570640394,109.3515625,0.26504297994269344,109.34375,109.34375,109.3515625,109.359375,0.0078125,0.007967202970297032,11605,13011.3663366339,0,0,1,
102,13:30:00,20230201,570640394,109.3984375,0.30802292263610315,109.328125,109.328125,109.3984375,109.40625,0.0078125,0.007965686274509805,42614,12997.5784313728,1,0,1,
103,13:40:00,20230201,570640394,109.7578125,0.6375358166189111,109.6640625,109.6640625,109.75,109.7578125,0.0078125,0.007964199029126215,110138,13285.1165048546,1,0,1,
104,13:50:00,20230201,570640394,109.875,0.7449856733524355,109.84375,109.84375,109.875,109.8828125,0.0078125,0.007962740384615386,55276,14216.3942307695,1,0,1,
105,14:00:00,20230201,570640394,109.8046875,0.680515759312321,109.8359375,109.8359375,109.8046875,109.8125,0.0078125,0.007961309523809525,48810,14607.4380952384,1,0,-1,
106,14:10:00,20230201,570640394,109.84375,0.7163323782234957,109.8125,109.8125,109.84375,109.8515625,0.0078125,0.00795990566037736,18165,14930.1037735852,0,0,1,
107,14:20:00,20230201,570640394,109.953125,0.8166189111747851,109.890625,109.890625,109.9453125,109.953125,0.0078125,0.007958528037383178,28184,14960.3364485984,1,0,1,
108,14:30:00,20230201,570640394,109.8828125,0.7521489971346704,109.890625,109.890625,109.875,109.8828125,0.0078125,0.007957175925925927,22760,15082.777777778,1,0,-1,
109,14:40:00,20230201,570640394,109.953125,0.8166189111747851,109.9140625,109.9140625,109.953125,109.9609375,0.0078125,0.007955848623853212,20253,15153.2110091745,0,0,1,
110,14:50:00,20230201,570640394,109.9296875,0.7951289398280803,109.921875,109.921875,109.9296875,109.9375,0.0078125,0.007954545454545455,24152,15199.5727272729,1,0,1,
111,15:00:00,20230201,570640394,109.9140625,0.7808022922636103,109.90625,109.90625,109.90625,109.9140625,0.0078125,0.007953265765765766,9677,15280.2252252254,0,0,1,
112,15:10:00,20230201,570640394,109.8515625,0.7234957020057307,109.890625,109.890625,109.84375,109.8515625,0.0078125,0.007952008928571428,12739,15230.1964285716,0,0,-1,
113,15:20:00,20230201,570640394,109.8125,0.6876790830945558,109.8359375,109.8359375,109.8125,109.8203125,0.0078125,0.007950774336283186,6783,15208.150442478,-1,0,-1,
114,15:30:00,20230201,570640394,109.859375,0.7306590257879656,109.8203125,109.8203125,109.8515625,109.859375,0.0078125,0.007949561403508772,8314,15134.2456140352,0,0,1,
115,15:40:00,20230201,570640394,109.8828125,0.7521489971346704,109.859375,109.859375,109.875,109.8828125,0.0078125,0.00794836956521739,7732,15074.9391304349,0,0,1,
116,15:50:00,20230201,570640394,109.78125,0.6590257879656161,109.828125,109.828125,109.78125,109.7890625,0.0078125,0.007947198275862068,9952,15011.6379310346,0,0,-1,
117,09:30:00,20230202,570640394,110.0546875,0.9097421203438396,110.015625,110.015625,110.046875,110.0546875,0.0078125,0.007946047008547008,18796,14968.3931623933,0,0,1,
118,09:40:00,20230202,570640394,110.0859375,0.9383954154727793,110.0703125,110.0703125,110.078125,110.0859375,0.0078125,0.007944915254237288,18963,15000.8305084747,0,0,1,
119,09:50:00,20230202,570640394,110.140625,0.9885386819484241,110.109375,110.109375,110.140625,110.1484375,0.0078125,0.007943802521008403,14792,15034.1260504203,0,0,1,
120,10:00:00,20230202,570640394,110.15625,1.002865329512894,110.1328125,110.1328125,110.15625,110.1640625,0.0078125,0.007942708333333333,17339,15032.1083333335,0,0,1,
121,10:10:00,20230202,570640394,110.1328125,0.9813753581661891,110.140625,110.140625,110.1328125,110.140625,0.0078125,0.007941632231404958,12174,15051.1735537192,0,0,-1,
122,10:20:00,20230202,570640394,110.109375,0.9598853868194842,110.1171875,110.1171875,110.1015625,110.109375,0.0078125,0.007940573770491802,9820,15027.5901639346,0,0,-1,
123,10:30:00,20230202,570640394,110.0625,0.9169054441260744,110.0859375,110.0859375,110.0625,110.0703125,0.0078125,0.0079395325203252,19702,14985.2520325205,0,0,-1,
124,10:40:00,20230202,570640394,110.046875,0.9025787965616046,110.0546875,110.0546875,110.0390625,110.046875,0.0078125,0.007938508064516125,6348,15023.2903225808,-1,0,-1,
125,10:50:00,20230202,570640394,110.0390625,0.8954154727793696,110.046875,110.046875,110.0390625,110.046875,0.0078125,0.007937499999999997,11572,14953.8880000002,0,0,-1,
126,11:00:00,20230202,570640394,110.0546875,0.9097421203438396,110.046875,110.046875,110.046875,110.0546875,0.0078125,0.007936507936507933,6953,14927.0476190478,-1,0,1,
127,11:10:00,20230202,570640394,110.0703125,0.9240687679083095,110.0546875,110.0546875,110.0625,110.0703125,0.0078125,0.007935531496062988,8567,14864.2598425199,0,0,1,
128,11:20:00,20230202,570640394,110.09375,0.9455587392550143,110.0703125,110.0703125,110.0859375,110.09375,0.0078125,0.007934570312499997,8213,14815.0625000002,0,0,1,
129,11:30:00,20230202,570640394,110.0234375,0.8810888252148997,110.0625,110.0625,110.0234375,110.03125,0.0078125,0.007933624031007749,7702,14763.8837209304,0,0,-1,
130,11:40:00,20230202,570640394,109.9921875,0.8524355300859598,110.0078125,110.0078125,109.984375,109.9921875,0.0078125,0.007932692307692304,8730,14709.5615384617,0,0,-1,
131,11:50:00,20230202,570640394,109.953125,0.8166189111747851,109.984375,109.984375,109.9453125,109.953125,0.0078125,0.0079317748091603,10514,14663.9160305345,0,0,-1,
132,12:00:00,20230202,570640394,109.9609375,0.82378223495702,109.9609375,109.9609375,109.9609375,109.96875,0.0078125,0.007930871212121207,7831,14632.4772727274,0,0,0,
133,12:10:00,20230202,570640394,109.96875,0.830945558739255,109.9609375,109.9609375,109.9609375,109.96875,0.0078125,0.007929981203007514,5623,14581.3383458648,-1,0,1,
134,12:20:00,20230202,570640394,109.9375,0.8022922636103151,109.9609375,109.9609375,109.9375,109.9453125,0.0078125,0.007929104477611935,5866,14514.485074627,-1,0,-1,
135,12:30:00,20230202,570640394,109.9296875,0.7951289398280803,109.9375,109.9375,109.921875,109.9296875,0.0078125,0.007928240740740736,14739,14450.4222222224,0,0,-1,
136,12:40:00,20230202,570640394,109.8984375,0.7664756446991404,109.90625,109.90625,109.8984375,109.90625,0.0078125,0.007927389705882347,12219,14452.5441176472,0,0,-1,
137,12:50:00,20230202,570640394,109.9453125,0.8094555873925501,109.921875,109.921875,109.9453125,109.953125,0.0078125,0.007926551094890506,7645,14436.2408759125,0,0,1,
138,13:00:00,20230202,570640394,109.96875,0.830945558739255,109.9375,109.9375,109.9609375,109.96875,0.0078125,0.007925724637681155,7599,14387.0289855073,0,0,1,
139,13:10:00,20230202,570640394,109.9453125,0.8094555873925501,109.9453125,109.9453125,109.9375,109.9453125,0.0078125,0.007924910071942442,5582,14338.1942446044,-1,0,0,
140,13:20:00,20230202,570640394,109.9453125,0.8094555873925501,109.9453125,109.9453125,109.9453125,109.953125,0.0078125,0.007924107142857139,4518,14275.6500000001,-1,0,0,
141,13:30:00,20230202,570640394,109.9453125,0.8094555873925501,109.9375,109.9375,109.9453125,109.953125,0.0078125,0.007923315602836874,5824,14206.4468085107,-1,0,1,
142,13:40:00,20230202,570640394,109.921875,0.7879656160458453,109.9375,109.9375,109.9140625,109.921875,0.0078125,0.0079225352112676,9815,14147.4154929578,0,0,-1,
143,13:50:00,20230202,570640394,109.9453125,0.8094555873925501,109.9375,109.9375,109.9375,109.9453125,0.0078125,0.00792176573426573,20007,14117.1188811189,0,0,1,
144,14:00:00,20230202,570640394,109.9453125,0.8094555873925501,109.9296875,109.9296875,109.9375,109.9453125,0.0078125,0.00792100694444444,14006,14158.0208333334,0,0,1,
145,14:10:00,20230202,570640394,109.9296875,0.7951289398280803,109.9296875,109.9296875,109.9296875,109.9375,0.0078125,0.007920258620689652,5875,14156.9724137932,-1,0,0,
146,14:20:00,20230202,570640394,109.921875,0.7879656160458453,109.9296875,109.9296875,109.921875,109.9296875,0.0078125,0.007919520547945202,8982,14100.2465753426,0,0,-1,
147,14:30:00,20230202,570640394,109.9140625,0.7808022922636103,109.90625,109.90625,109.90625,109.9140625,0.0078125,0.0079187925170068,12539,14065.4285714287,0,0,1,
148,14:40:00,20230202,570640394,109.875,0.7449856733524355,109.890625,109.890625,109.875,109.8828125,0.0078125,0.007918074324324322,6669,14055.114864865,-1,0,-1,
149,14:50:00,20230202,570640394,109.875,0.7449856733524355,109.8671875,109.8671875,109.875,109.8828125,0.0078125,0.007917365771812079,17213,14005.5436241612,0,0,1,
150,15:00:00,20230202,570640394,109.953125,0.8166189111747851,109.921875,109.921875,109.953125,109.9609375,0.0078125,0.007916666666666664,17311,14026.9266666668,0,0,1,
151,15:10:00,20230202,570640394,109.9296875,0.7951289398280803,109.9375,109.9375,109.9296875,109.9375,0.0078125,0.00791597682119205,6459,14048.6754966889,-1,0,-1,
152,15:20:00,20230202,570640394,109.890625,0.7593123209169055,109.9140625,109.9140625,109.890625,109.8984375,0.0078125,0.007915296052631575,5232,13998.7434210528,-1,0,-1,
153,15:30:00,20230202,570640394,109.8984375,0.7664756446991404,109.890625,109.890625,109.890625,109.8984375,0.0078125,0.007914624183006532,4572,13941.4444444446,-1,0,1,
154,15:40:00,20230202,570640394,109.890625,0.7593123209169055,109.8984375,109.8984375,109.8828125,109.890625,0.0078125,0.007913961038961036,4324,13880.603896104,-1,0,-1,
155,15:50:00,20230202,570640394,109.90625,0.7736389684813754,109.890625,109.890625,109.8984375,109.90625,0.0078125,0.0079133064516129,5297,13818.9483870969,-1,0,1,
156,09:30:00,20230203,570640394,109.1640625,0.09312320916905444,109.1328125,109.140625,109.1640625,109.171875,0.0078125,0.007912660256410253,29127,13764.3205128206,1,0,1,
157,09:40:00,20230203,570640394,109.2109375,0.1361031518624642,109.1796875,109.1875,109.2109375,109.21875,0.0078125,0.007912022292993627,21990,13862.1719745224,1,0,1,
158,09:50:00,20230203,570640394,109.2109375,0.1361031518624642,109.203125,109.2109375,109.203125,109.2109375,0.0078125,0.007911392405063288,17091,13913.6139240507,0,0,0,
159,10:00:00,20230203,570640394,109.2265625,0.1504297994269341,109.1875,109.1953125,109.2265625,109.234375,0.0078125,0.007910770440251569,24877,13933.5974842768,1,0,1,
160,10:10:00,20230203,570640394,109.171875,0.10028653295128939,109.203125,109.2109375,109.1640625,109.171875,0.0078125,0.007910156249999998,16094,14001.9937500001,0,0,-1,
161,10:20:00,20230203,570640394,109.1640625,0.09312320916905444,109.171875,109.1796875,109.15625,109.1640625,0.0078125,0.00790954968944099,9490,14014.9875776399,0,0,-1,
162,10:30:00,20230203,570640394,109.1640625,0.09312320916905444,109.1640625,109.171875,109.1640625,109.171875,0.0078125,0.007908950617283948,10339,13987.0555555557,0,0,0,
163,10:40:00,20230203,570640394,109.2109375,0.1361031518624642,109.203125,109.2109375,109.203125,109.2109375,0.0078125,0.007908358895705517,11164,13964.6748466259,0,0,0,
164,10:50:00,20230203,570640394,109.1875,0.1146131805157593,109.21875,109.2265625,109.1875,109.1953125,0.0078125,0.007907774390243899,16546,13947.5975609757,0,0,-1,
165,11:00:00,20230203,570640394,109.21875,0.14326647564469913,109.203125,109.2109375,109.21875,109.2265625,0.0078125,0.007907196969696967,10668,13963.3454545455,0,0,1,
166,11:10:00,20230203,570640394,109.1875,0.1146131805157593,109.1953125,109.203125,109.1796875,109.1875,0.0078125,0.007906626506024094,13151,13943.4939759037,0,0,-1,
167,11:20:00,20230203,570640394,109.1875,0.1146131805157593,109.1796875,109.1875,109.1875,109.1953125,0.0078125,0.007906062874251494,11523,13938.7485029941,0,0,0,
168,11:30:00,20230203,570640394,109.203125,0.12893982808022922,109.203125,109.2109375,109.203125,109.2109375,0.0078125,0.00790550595238095,6151,13924.3690476191,-1,0,0,
169,11:40:00,20230203,570640394,109.2109375,0.1361031518624642,109.2109375,109.21875,109.203125,109.2109375,0.0078125,0.007904955621301774,9294,13878.3727810651,0,0,0,
170,11:50:00,20230203,570640394,109.203125,0.12893982808022922,109.203125,109.2109375,109.203125,109.2109375,0.0078125,0.00790441176470588,7885,13851.405882353,0,0,0,
171,12:00:00,20230203,570640394,109.203125,0.12893982808022922,109.1953125,109.203125,109.203125,109.2109375,0.0078125,0.007903874269005845,14666,13816.5146198831,0,0,0,
172,12:10:00,20230203,570640394,109.21875,0.14326647564469913,109.2109375,109.21875,109.21875,109.2265625,0.0078125,0.00790334302325581,9788,13821.4534883722,0,0,0,
173,12:20:00,20230203,570640394,109.21875,0.14326647564469913,109.2109375,109.21875,109.21875,109.2265625,0.0078125,0.007902817919075142,9424,13798.1387283238,0,0,0,
174,12:30:00,20230203,570640394,109.1953125,0.12177650429799428,109.203125,109.2109375,109.1953125,109.203125,0.0078125,0.00790229885057471,9459,13773.0000000001,0,0,-1,
175,12:40:00,20230203,570640394,109.171875,0.10028653295128939,109.1796875,109.1875,109.1640625,109.171875,0.0078125,0.007901785714285712,11255,13748.3485714287,0,0,-1,
176,12:50:00,20230203,570640394,109.1484375,0.07879656160458452,109.1484375,109.15625,109.1484375,109.15625,0.0078125,0.007901278409090906,10816,13734.1818181819,0,0,0,
177,13:00:00,20230203,570640394,109.109375,0.04297994269340974,109.1171875,109.125,109.109375,109.1171875,0.0078125,0.00790077683615819,12586,13717.6949152543,0,0,-1,
178,13:10:00,20230203,570640394,109.1328125,0.06446991404011461,109.1015625,109.109375,109.125,109.1328125,0.0078125,0.007900280898876401,8106,13711.3370786517,0,0,1,
179,13:20:00,20230203,570640394,109.1328125,0.06446991404011461,109.125,109.1328125,109.125,109.1328125,0.0078125,0.007899790502793293,4734,13680.0223463687,-1,0,0,
180,13:30:00,20230203,570640394,109.109375,0.04297994269340974,109.1015625,109.109375,109.1015625,109.109375,0.0078125,0.007899305555555554,21454,13630.3222222222,1,0,0,
181,13:40:00,20230203,570640394,109.1015625,0.03581661891117478,109.0859375,109.09375,109.09375,109.1015625,0.0078125,0.007898825966850827,9112,13673.5469613259,0,0,1,
182,13:50:00,20230203,570640394,109.0859375,0.02148997134670487,109.0703125,109.078125,109.0859375,109.09375,0.0078125,0.007898351648351646,29573,13648.4835164834,1,0,1,
183,14:00:00,20230203,570640394,109.0546875,-0.007163323782234957,109.078125,109.0859375,109.0546875,109.0625,0.0078125,0.0078978825136612,11700,13735.5027322403,0,0,-1,
184,14:10:00,20230203,570640394,109.0625,0,109.0546875,109.0625,109.0546875,109.0625,0.0078125,0.007897418478260866,9237,13724.4402173912,0,0,0,
185,14:20:00,20230203,570640394,109.046875,-0.014326647564469913,109.046875,109.0546875,109.0390625,109.046875,0.0078125,0.007896959459459455,8214,13700.1837837837,0,0,0,
186,14:30:00,20230203,570640394,109.0390625,-0.02148997134670487,109.046875,109.0546875,109.0390625,109.046875,0.0078125,0.007896505376344082,10628,13670.6881720429,0,0,-1,
187,14:40:00,20230203,570640394,109.0390625,-0.02148997134670487,109.0390625,109.046875,109.0390625,109.046875,0.0078125,0.007896056149732617,6732,13654.4171122994,-1,0,0,
188,14:50:00,20230203,570640394,109.0625,0,109.046875,109.0546875,109.0546875,109.0625,0.0078125,0.007895611702127657,12739,13617.5957446808,0,0,1,
189,15:00:00,20230203,570640394,109.109375,0.04297994269340974,109.078125,109.0859375,109.1015625,109.109375,0.0078125,0.007895171957671955,15164,13612.947089947,0,0,1,
190,15:10:00,20230203,570640394,109.1015625,0.03581661891117478,109.1015625,109.109375,109.09375,109.1015625,0.0078125,0.00789473684210526,8311,13621.1105263157,0,0,0,
191,15:20:00,20230203,570640394,109.109375,0.04297994269340974,109.1015625,109.109375,109.109375,109.1171875,0.0078125,0.007894306282722509,2741,13593.3089005235,-1,0,0,
192,15:30:00,20230203,570640394,109.1328125,0.06446991404011461,109.1171875,109.125,109.1328125,109.140625,0.0078125,0.007893880208333329,4363,13536.7864583333,-1,0,1,
193,15:40:00,20230203,570640394,109.140625,0.07163323782234957,109.1328125,109.140625,109.1328125,109.140625,0.0078125,0.007893458549222793,2519,13489.2538860103,-1,0,0,
194,15:50:00,20230203,570640394,109.109375,0.04297994269340974,109.125,109.1328125,109.1015625,109.109375,0.0078125,0.007893041237113397,4303,13432.7061855669,-1,0,-1,
195,09:30:00,20230206,570640394,108.5390625,-0.4799426934097421,108.546875,108.5546875,108.5390625,108.546875,0.0078125,0.0078926282051282,11594,13385.8871794871,0,0,-1,
196,09:40:00,20230206,570640394,108.5,-0.5157593123209169,108.515625,108.5234375,108.5,108.5078125,0.0078125,0.007892219387755096,19631,13376.7448979591,0,0,-1,
197,09:50:00,20230206,570640394,108.484375,-0.5300859598853869,108.4921875,108.5,108.484375,108.4921875,0.0078125,0.007891814720812176,13119,13408.4923857867,0,0,-1,
198,10:00:00,20230206,570640394,108.46875,-0.5444126074498568,108.484375,108.4921875,108.4609375,108.46875,0.0078125,0.007891414141414135,15822,13407.0303030302,0,0,-1,
199,10:10:00,20230206,570640394,108.484375,-0.5300859598853869,108.4765625,108.484375,108.4765625,108.484375,0.0078125,0.007891017587939692,21620,13419.1658291456,1,0,0,
200,10:20:00,20230206,570640394,108.4921875,-0.5229226361031519,108.484375,108.4921875,108.484375,108.4921875,0.0078125,0.007890624999999993,16123,13460.1699999999,0,0,0,
201,10:30:00,20230206,570640394,108.4453125,-0.5659025787965616,108.46875,108.4765625,108.4453125,108.453125,0.0078125,0.007890236318407955,12376,13473.4179104477,0,0,-1,
202,10:40:00,20230206,570640394,108.421875,-0.5873925501432665,108.4296875,108.4375,108.421875,108.4296875,0.0078125,0.00788985148514851,12019,13467.9851485148,0,0,-1,
203,10:50:00,20230206,570640394,108.390625,-0.6160458452722063,108.4140625,108.421875,108.390625,108.3984375,0.0078125,0.00788947044334975,14497,13460.8472906403,0,0,-1,
204,11:00:00,20230206,570640394,108.4140625,-0.5945558739255014,108.40625,108.4140625,108.4140625,108.421875,0.0078125,0.007889093137254898,15071,13465.9264705881,0,0,0,
205,11:10:00,20230206,570640394,108.3828125,-0.6232091690544412,108.3984375,108.40625,108.375,108.3828125,0.0078125,0.007888719512195119,16806,13473.7560975608,0,0,-1,
206,11:20:00,20230206,570640394,108.34375,-0.6590257879656161,108.359375,108.3671875,108.3359375,108.34375,0.0078125,0.007888349514563103,19657,13489.9320388348,0,0,-1,
207,11:30:00,20230206,570640394,108.390625,-0.6160458452722063,108.359375,108.3671875,108.3828125,108.390625,0.0078125,0.007887983091787436,16616,13519.724637681,0,0,1,
208,11:40:00,20230206,570640394,108.3671875,-0.6375358166189111,108.375,108.3828125,108.3671875,108.375,0.0078125,0.007887620192307689,13313,13534.6105769229,0,0,-1,
209,11:50:00,20230206,570640394,108.375,-0.6303724928366762,108.3515625,108.359375,108.375,108.3828125,0.0078125,0.007887260765550234,13497,13533.5502392343,0,0,1,
210,12:00:00,20230206,570640394,108.390625,-0.6160458452722063,108.3828125,108.390625,108.390625,108.3984375,0.0078125,0.007886904761904756,13167,13533.376190476,0,0,0,
211,12:10:00,20230206,570640394,108.3828125,-0.6232091690544412,108.3828125,108.390625,108.3828125,108.390625,0.0078125,0.007886552132701416,9051,13531.6398104264,0,0,0,
212,12:20:00,20230206,570640394,108.390625,-0.6160458452722063,108.3828125,108.390625,108.3828125,108.390625,0.0078125,0.007886202830188673,7278,13510.504716981,0,0,0,
213,12:30:00,20230206,570640394,108.40625,-0.6017191977077364,108.3984375,108.40625,108.3984375,108.40625,0.0078125,0.007885856807511731,7390,13481.2441314553,0,0,0,
214,12:40:00,20230206,570640394,108.4140625,-0.5945558739255014,108.40625,108.4140625,108.40625,108.4140625,0.0078125,0.007885514018691583,7190,13452.7803738317,0,0,0,
215,12:50:00,20230206,570640394,108.4140625,-0.5945558739255014,108.40625,108.4140625,108.4140625,108.421875,0.0078125,0.007885174418604646,6110,13423.6511627906,-1,0,0,
216,13:00:00,20230206,570640394,108.4296875,-0.5802292263610316,108.421875,108.4296875,108.421875,108.4296875,0.0078125,0.007884837962962956,12063,13389.7916666666,0,0,0,
217,13:10:00,20230206,570640394,108.4296875,-0.5802292263610316,108.4296875,108.4375,108.421875,108.4296875,0.0078125,0.007884504608294925,8377,13383.6774193548,0,0,0,
218,13:20:00,20230206,570640394,108.4296875,-0.5802292263610316,108.421875,108.4296875,108.421875,108.4296875,0.0078125,0.0078841743119266,6015,13360.7110091743,-1,0,0,
219,13:30:00,20230206,570640394,108.40625,-0.6017191977077364,108.40625,108.4140625,108.3984375,108.40625,0.0078125,0.007883847031963464,9148,13327.1689497717,0,0,0,
220,13:40:00,20230206,570640394,108.3828125,-0.6232091690544412,108.390625,108.3984375,108.375,108.3828125,0.0078125,0.007883522727272722,13436,13308.1727272727,0,0,-1,
221,13:50:00,20230206,570640394,108.390625,-0.6160458452722063,108.3828125,108.390625,108.390625,108.3984375,0.0078125,0.007883201357466058,19477,13308.7511312217,0,0,0,
222,14:00:00,20230206,570640394,108.40625,-0.6017191977077364,108.3984375,108.40625,108.3984375,108.40625,0.0078125,0.007882882882882877,13312,13336.536036036,0,0,0,
223,14:10:00,20230206,570640394,108.3984375,-0.6088825214899714,108.3984375,108.40625,108.3984375,108.40625,0.0078125,0.007882567264573986,6862,13336.4260089686,0,0,0,
224,14:20:00,20230206,570640394,108.4140625,-0.5945558739255014,108.3984375,108.40625,108.4140625,108.421875,0.0078125,0.00788225446428571,6524,13307.5223214286,-1,0,1,
225,14:30:00,20230206,570640394,108.375,-0.6303724928366762,108.3671875,108.375,108.3671875,108.375,0.0078125,0.007881944444444441,29609,13277.3733333334,1,0,0,
226,14:40:00,20230206,570640394,108.3671875,-0.6375358166189111,108.3671875,108.375,108.3671875,108.375,0.0078125,0.00788163716814159,13959,13349.6371681417,0,0,0,
227,14:50:00,20230206,570640394,108.3359375,-0.666189111747851,108.3359375,108.34375,108.328125,108.3359375,0.0078125,0.00788133259911894,17980,13352.3215859032,0,0,0,
228,15:00:00,20230206,570640394,108.265625,-0.7306590257879656,108.28125,108.2890625,108.265625,108.2734375,0.0078125,0.007881030701754383,24607,13372.6184210527,1,0,-1,
229,15:10:00,20230206,570640394,108.296875,-0.7020057306590258,108.2734375,108.28125,108.2890625,108.296875,0.0078125,0.007880731441048032,15616,13421.6768558953,0,0,1,
230,15:20:00,20230206,570640394,108.2890625,-0.7091690544412608,108.2890625,108.296875,108.2890625,108.296875,0.0078125,0.007880434782608692,3743,13431.2173913045,-1,0,0,
231,15:30:00,20230206,570640394,108.3203125,-0.680515759312321,108.3046875,108.3125,108.3203125,108.328125,0.0078125,0.007880140692640689,4552,13389.2770562772,-1,0,1,
232,15:40:00,20230206,570640394,108.3359375,-0.666189111747851,108.328125,108.3359375,108.328125,108.3359375,0.0078125,0.00787984913793103,3800,13351.1853448277,-1,0,0,
233,15:50:00,20230206,570640394,108.328125,-0.673352435530086,108.3203125,108.328125,108.328125,108.3359375,0.0078125,0.007879560085836906,3915,13310.1931330473,-1,0,0,
234,09:30:00,20230207,570640394,108.3984375,-0.6088825214899714,108.40625,108.4140625,108.390625,108.3984375,0.0078125,0.0078792735042735,10858,13270.0427350428,0,0,-1,
235,09:40:00,20230207,570640394,108.4296875,-0.5802292263610316,108.40625,108.4140625,108.4296875,108.4375,0.0078125,0.007878989361702123,14926,13259.7787234043,0,0,1,
236,09:50:00,20230207,570640394,108.4609375,-0.5515759312320917,108.4375,108.4453125,108.453125,108.4609375,0.0078125,0.007878707627118639,17330,13266.8389830509,0,0,1,
237,10:00:00,20230207,570640394,108.4921875,-0.5229226361031519,108.4609375,108.46875,108.484375,108.4921875,0.0078125,0.007878428270042188,16482,13283.9831223629,0,0,1,
238,10:10:00,20230207,570640394,108.484375,-0.5300859598853869,108.4765625,108.484375,108.484375,108.4921875,0.0078125,0.007878151260504196,9824,13297.4201680673,0,0,0,
239,10:20:00,20230207,570640394,108.453125,-0.5587392550143266,108.453125,108.4609375,108.4453125,108.453125,0.0078125,0.007877876569037651,13206,13282.8870292888,0,0,0,
240,10:30:00,20230207,570640394,108.4140625,-0.5945558739255014,108.421875,108.4296875,108.40625,108.4140625,0.0078125,0.007877604166666661,24042,13282.5666666668,1,0,-1,
241,10:40:00,20230207,570640394,108.4453125,-0.5659025787965616,108.4296875,108.4375,108.4375,108.4453125,0.0078125,0.00787733402489626,30979,13327.2116182574,1,0,1,
242,10:50:00,20230207,570640394,108.3828125,-0.6232091690544412,108.40625,108.4140625,108.3828125,108.390625,0.0078125,0.007877066115702474,13975,13400.1528925621,0,0,-1,
243,11:00:00,20230207,570640394,108.375,-0.6303724928366762,108.390625,108.3984375,108.3671875,108.375,0.0078125,0.007876800411522628,8979,13402.5185185186,0,0,-1,
244,11:10:00,20230207,570640394,108.359375,-0.6446991404011462,108.3671875,108.375,108.359375,108.3671875,0.0078125,0.007876536885245896,10527,13384.3893442624,0,0,-1,
245,11:20:00,20230207,570640394,108.34375,-0.6590257879656161,108.3515625,108.359375,108.3359375,108.34375,0.0078125,0.007876275510204075,9408,13372.7265306124,0,0,-1,
246,11:30:00,20230207,570640394,108.3515625,-0.6518624641833811,108.3359375,108.34375,108.3515625,108.359375,0.0078125,0.007876016260162596,13463,13356.6097560977,0,0,1,
247,11:40:00,20230207,570640394,108.546875,-0.47277936962750716,108.453125,108.4609375,108.5390625,108.546875,0.0078125,0.007875759109311735,62057,13357.0404858301,1,0,1,
248,11:50:00,20230207,570640394,108.671875,-0.35816618911174786,108.6171875,108.625,108.671875,108.6796875,0.0078125,0.00787550403225806,51392,13553.4112903227,1,0,1,
249,12:00:00,20230207,570640394,108.609375,-0.4154727793696275,108.640625,108.6484375,108.609375,108.6171875,0.0078125,0.00787525100401606,59770,13705.373493976,1,0,-1,
250,12:10:00,20230207,570640394,108.5546875,-0.4656160458452722,108.5625,108.5703125,108.546875,108.5546875,0.0078125,0.007874999999999995,34078,13889.6320000001,1,0,-1,
251,12:20:00,20230207,570640394,108.4453125,-0.5659025787965616,108.5,108.5078125,108.4375,108.4453125,0.0078125,0.007874750996015931,24660,13970.06374502,1,0,-1,
252,12:30:00,20230207,570640394,108.4296875,-0.5802292263610316,108.3984375,108.40625,108.421875,108.4375,0.015625,0.007874503968253963,36900,14012.4841269842,1,-1,1,
253,12:40:00,20230207,570640394,108.328125,-0.673352435530086,108.3828125,108.390625,108.3203125,108.328125,0.0078125,0.007905138339920943,18870,14102.9486166009,0,0,-1,
254,12:50:00,20230207,570640394,108.390625,-0.6160458452722063,108.3671875,108.375,108.3828125,108.390625,0.0078125,0.007904773622047239,11137,14121.7165354332,0,0,1,
255,13:00:00,20230207,570640394,108.328125,-0.673352435530086,108.359375,108.3671875,108.3203125,108.328125,0.0078125,0.007904411764705877,15423,14110.011764706,0,0,-1,
256,13:10:00,20230207,570640394,108.3359375,-0.666189111747851,108.3203125,108.328125,108.328125,108.3359375,0.0078125,0.007904052734374995,16003,14115.1406250001,0,0,1,
257,13:20:00,20230207,570640394,108.2890625,-0.7091690544412608,108.3046875,108.3125,108.2890625,108.296875,0.0078125,0.00790369649805447,14178,14122.4863813231,0,0,-1,
258,13:30:00,20230207,570640394,108.3515625,-0.6518624641833811,108.3125,108.3203125,108.34375,108.3515625,0.0078125,0.007903343023255809,13527,14122.7015503877,0,0,1,
259,13:40:00,20230207,570640394,108.3046875,-0.6948424068767908,108.3203125,108.328125,108.296875,108.3046875,0.0078125,0.007902992277992273,13199,14120.4015444016,0,0,-1,
260,13:50:00,20230207,570640394,108.265625,-0.7306590257879656,108.28125,108.2890625,108.265625,108.2734375,0.0078125,0.007902644230769225,16369,14116.8576923077,0,0,-1,
261,14:00:00,20230207,570640394,108.265625,-0.7306590257879656,108.2578125,108.265625,108.2578125,108.265625,0.0078125,0.007902298850574708,15564,14125.4865900383,0,0,0,
262,14:10:00,20230207,570640394,108.2734375,-0.7234957020057307,108.2734375,108.28125,108.2734375,108.28125,0.0078125,0.007901956106870224,6721,14130.9770992366,-1,0,0,
263,14:20:00,20230207,570640394,108.2578125,-0.7378223495702007,108.265625,108.2734375,108.25,108.2578125,0.0078125,0.007901615969581744,4173,14102.8022813688,-1,0,-1,
264,14:30:00,20230207,570640394,108.2890625,-0.7091690544412608,108.2734375,108.28125,108.28125,108.2890625,0.0078125,0.007901278409090905,8676,14065.1893939394,0,0,1,
265,14:40:00,20230207,570640394,108.296875,-0.7020057306590258,108.296875,108.3046875,108.2890625,108.296875,0.0078125,0.00790094339622641,7464,14044.8528301887,0,0,0,
266,14:50:00,20230207,570640394,108.3046875,-0.6948424068767908,108.3046875,108.3125,108.3046875,108.3125,0.0078125,0.007900610902255634,16681,14020.1127819549,0,0,0,
267,15:00:00,20230207,570640394,108.25,-0.7449856733524355,108.265625,108.2734375,108.25,108.2578125,0.0078125,0.0079002808988764,16530,14030.0786516854,0,0,-1,
268,15:10:00,20230207,570640394,108.265625,-0.7306590257879656,108.25,108.2578125,108.265625,108.2734375,0.0078125,0.007899953358208952,7992,14039.4067164179,0,0,1,
269,15:20:00,20230207,570640394,108.296875,-0.7020057306590258,108.28125,108.2890625,108.2890625,108.296875,0.0078125,0.0078996282527881,6808,14016.9256505576,-1,0,1,
270,15:30:00,20230207,570640394,108.2890625,-0.7091690544412608,108.2890625,108.296875,108.2890625,108.296875,0.0078125,0.007899305555555552,6147,13990.2259259259,-1,0,0,
271,15:40:00,20230207,570640394,108.2890625,-0.7091690544412608,108.2890625,108.296875,108.28125,108.2890625,0.0078125,0.007898985239852394,5080,13961.2841328413,-1,0,0,
272,15:50:00,20230207,570640394,108.296875,-0.7020057306590258,108.2890625,108.296875,108.296875,108.3046875,0.0078125,0.00789866727941176,5209,13928.6323529412,-1,0,0,
273,09:30:00,20230208,570640394,108.3125,-0.6876790830945558,108.296875,108.3046875,108.3125,108.3203125,0.0078125,0.007898351648351643,10743,13896.6923076923,0,0,1,
274,09:40:00,20230208,570640394,108.3125,-0.6876790830945558,108.296875,108.3046875,108.3046875,108.3125,0.0078125,0.007898038321167877,12465,13885.1824817518,0,0,1,
275,09:50:00,20230208,570640394,108.3203125,-0.680515759312321,108.3125,108.3203125,108.3203125,108.328125,0.0078125,0.007897727272727266,11135,13880.0181818182,0,0,0,
276,10:00:00,20230208,570640394,108.3515625,-0.6518624641833811,108.328125,108.3359375,108.34375,108.359375,0.015625,0.007897418478260863,12257,13870.0724637681,0,-1,1,
277,10:10:00,20230208,570640394,108.359375,-0.6446991404011462,108.3515625,108.359375,108.359375,108.3671875,0.0078125,0.007925315884476529,10678,13864.2490974729,0,0,0,
278,10:20:00,20230208,570640394,108.3359375,-0.666189111747851,108.3359375,108.34375,108.328125,108.3359375,0.0078125,0.00792491007194244,8265,13852.7877697841,0,0,0,
279,10:30:00,20230208,570640394,108.3359375,-0.666189111747851,108.3203125,108.328125,108.328125,108.3359375,0.0078125,0.007924507168458775,5813,13832.7598566308,-1,0,1,
280,10:40:00,20230208,570640394,108.328125,-0.673352435530086,108.3203125,108.328125,108.3203125,108.328125,0.0078125,0.007924107142857137,8996,13804.1178571428,0,0,0,
281,10:50:00,20230208,570640394,108.3515625,-0.6518624641833811,108.34375,108.3515625,108.3515625,108.359375,0.0078125,0.007923709964412806,11704,13787.0071174377,0,0,0,
282,11:00:00,20230208,570640394,108.3671875,-0.6375358166189111,108.359375,108.3671875,108.3671875,108.375,0.0078125,0.007923315602836873,23008,13779.6205673759,1,0,0,
283,11:10:00,20230208,570640394,108.390625,-0.6160458452722063,108.3828125,108.390625,108.3828125,108.390625,0.0078125,0.007922924028268545,16095,13812.2296819788,0,0,0,
284,11:20:00,20230208,570640394,108.4140625,-0.5945558739255014,108.40625,108.4140625,108.40625,108.4140625,0.0078125,0.0079225352112676,6558,13820.2676056338,-1,0,0,
285,11:30:00,20230208,570640394,108.3984375,-0.6088825214899714,108.390625,108.3984375,108.390625,108.3984375,0.0078125,0.007922149122807013,7673,13794.7859649123,0,0,0,
286,11:40:00,20230208,570640394,108.3828125,-0.6232091690544412,108.3828125,108.390625,108.3828125,108.390625,0.0078125,0.00792176573426573,8979,13773.3811188811,0,0,0,
287,11:50:00,20230208,570640394,108.3828125,-0.6232091690544412,108.390625,108.3984375,108.3828125,108.390625,0.0078125,0.007921385017421598,11118,13756.6759581881,0,0,-1,
288,12:00:00,20230208,570640394,108.484375,-0.5300859598853869,108.4609375,108.46875,108.4765625,108.484375,0.0078125,0.00792100694444444,35483,13747.5138888888,1,0,1,
289,12:10:00,20230208,570640394,108.4296875,-0.5802292263610316,108.453125,108.4609375,108.4296875,108.4375,0.0078125,0.00792063148788927,12948,13822.7231833909,0,0,-1,
290,12:20:00,20230208,570640394,108.3828125,-0.6232091690544412,108.3984375,108.40625,108.375,108.3828125,0.0078125,0.00792025862068965,12022,13819.7068965516,0,0,-1,
291,12:30:00,20230208,570640394,108.3828125,-0.6232091690544412,108.390625,108.3984375,108.3828125,108.390625,0.0078125,0.007919888316151197,12324,13813.5292096219,0,0,-1,
292,12:40:00,20230208,570640394,108.3828125,-0.6232091690544412,108.3671875,108.375,108.375,108.3828125,0.0078125,0.007919520547945199,9328,13808.4280821917,0,0,1,
293,12:50:00,20230208,570640394,108.3828125,-0.6232091690544412,108.375,108.3828125,108.3828125,108.390625,0.0078125,0.007919155290102384,6649,13793.1365187713,-1,0,0,
294,13:00:00,20230208,570640394,108.359375,-0.6446991404011462,108.3671875,108.375,108.359375,108.3671875,0.0078125,0.007918792517006796,10993,13768.8367346938,0,0,-1,
295,13:10:00,20230208,570640394,108.3828125,-0.6232091690544412,108.3828125,108.390625,108.375,108.3828125,0.0078125,0.007918432203389824,9259,13759.427118644,0,0,0,
296,13:20:00,20230208,570640394,108.34375,-0.6590257879656161,108.359375,108.3671875,108.34375,108.3515625,0.0078125,0.007918074324324316,6380,13744.2229729729,-1,0,-1,
297,13:30:00,20230208,570640394,108.375,-0.6303724928366762,108.3671875,108.375,108.375,108.3828125,0.0078125,0.007917718855218848,9765,13719.4276094275,0,0,0,
298,13:40:00,20230208,570640394,108.359375,-0.6446991404011462,108.359375,108.3671875,108.359375,108.3671875,0.0078125,0.007917365771812073,13017,13706.1577181207,0,0,0,
299,13:50:00,20230208,570640394,108.3828125,-0.6232091690544412,108.3671875,108.375,108.375,108.3828125,0.0078125,0.007917015050167217,26203,13703.8528428093,1,0,1,
300,14:00:00,20230208,570640394,108.3671875,-0.6375358166189111,108.375,108.3828125,108.3671875,108.375,0.0078125,0.00791666666666666,13057,13745.5166666666,0,0,-1,
301,14:10:00,20230208,570640394,108.359375,-0.6446991404011462,108.375,108.3828125,108.359375,108.3671875,0.0078125,0.007916320598006638,12283,13743.2292358803,0,0,-1,
302,14:20:00,20230208,570640394,108.3828125,-0.6232091690544412,108.3671875,108.375,108.375,108.3828125,0.0078125,0.007915976821192047,6420,13738.394039735,-1,0,1,
303,14:30:00,20230208,570640394,108.3984375,-0.6088825214899714,108.375,108.3828125,108.390625,108.3984375,0.0078125,0.007915635313531346,6628,13714.2409240923,-1,0,1,
304,14:40:00,20230208,570640394,108.4375,-0.5730659025787965,108.4140625,108.421875,108.4296875,108.4375,0.0078125,0.007915296052631571,8279,13690.9309210525,0,0,1,
305,14:50:00,20230208,570640394,108.4609375,-0.5515759312320917,108.4296875,108.4375,108.453125,108.4609375,0.0078125,0.007914959016393434,23702,13673.1868852458,1,0,1,
306,15:00:00,20230208,570640394,108.4765625,-0.5372492836676217,108.4609375,108.46875,108.4765625,108.484375,0.0078125,0.007914624183006527,15615,13705.9607843136,0,0,1,
307,15:10:00,20230208,570640394,108.46875,-0.5444126074498568,108.46875,108.4765625,108.46875,108.4765625,0.0078125,0.007914291530944617,3180,13712.1791530943,-1,0,0,
308,15:20:00,20230208,570640394,108.484375,-0.5300859598853869,108.4765625,108.484375,108.484375,108.4921875,0.0078125,0.007913961038961031,4022,13677.9837662336,-1,0,0,
309,15:30:00,20230208,570640394,108.484375,-0.5300859598853869,108.4765625,108.484375,108.4765625,108.484375,0.0078125,0.007913632686084136,3103,13646.7346278315,-1,0,0,
310,15:40:00,20230208,570640394,108.4921875,-0.5229226361031519,108.4921875,108.5,108.484375,108.4921875,0.0078125,0.007913306451612897,4495,13612.7225806449,-1,0,0,
311,15:50:00,20230208,570640394,108.4921875,-0.5229226361031519,108.484375,108.5,108.4921875,108.5,0.0078125,0.007912982315112534,2305,13583.4051446943,-1,0,0,
312,09:30:00,20230209,570640394,108.359375,-0.6446991404011462,108.359375,108.3671875,108.3515625,108.359375,0.0078125,0.00791266025641025,17888,13547.2564102562,0,0,0,
313,09:40:00,20230209,570640394,108.375,-0.6303724928366762,108.3671875,108.375,108.375,108.3828125,0.0078125,0.007912340255591049,15401,13561.1246006388,0,0,0,
314,09:50:00,20230209,570640394,108.359375,-0.6446991404011462,108.375,108.3828125,108.359375,108.3671875,0.0078125,0.007912022292993625,18171,13566.9840764329,0,0,-1,
315,10:00:00,20230209,570640394,108.390625,-0.6160458452722063,108.3671875,108.375,108.3828125,108.390625,0.0078125,0.007911706349206344,12832,13581.5999999998,0,0,1,
316,10:10:00,20230209,570640394,108.375,-0.6303724928366762,108.3828125,108.390625,108.375,108.3828125,0.0078125,0.007911392405063286,8015,13579.2278481011,0,0,-1,
317,10:20:00,20230209,570640394,108.3828125,-0.6232091690544412,108.375,108.3828125,108.375,108.3828125,0.0078125,0.007911080441640374,9824,13561.6750788642,0,0,0,
318,10:30:00,20230209,570640394,108.4140625,-0.5945558739255014,108.390625,108.3984375,108.4140625,108.421875,0.0078125,0.007910770440251569,10857,13549.9213836476,0,0,1,
319,10:40:00,20230209,570640394,108.421875,-0.5873925501432665,108.4140625,108.421875,108.4140625,108.421875,0.0078125,0.007910462382445136,8947,13541.4796238243,0,0,0,
320,10:50:00,20230209,570640394,108.4375,-0.5730659025787965,108.4296875,108.4375,108.4375,108.4453125,0.0078125,0.007910156249999996,11746,13527.1218749998,0,0,0,
321,11:00:00,20230209,570640394,108.421875,-0.5873925501432665,108.4296875,108.4375,108.421875,108.4296875,0.0078125,0.007909852024922113,8437,13521.5732087225,0,0,-1,
322,11:10:00,20230209,570640394,108.375,-0.6303724928366762,108.390625,108.3984375,108.375,108.3828125,0.0078125,0.007909549689440989,14469,13505.7826086954,0,0,-1,
323,11:20:00,20230209,570640394,108.375,-0.6303724928366762,108.375,108.3828125,108.3671875,108.375,0.0078125,0.007909249226006188,7230,13508.7647058821,0,0,0,
324,11:30:00,20230209,570640394,108.3828125,-0.6232091690544412,108.375,108.3828125,108.375,108.3828125,0.0078125,0.007908950617283946,10013,13489.3858024689,0,0,0,
325,11:40:00,20230209,570640394,108.359375,-0.6446991404011462,108.359375,108.3671875,108.3515625,108.359375,0.0078125,0.007908653846153841,7867,13478.689230769,0,0,0,
326,11:50:00,20230209,570640394,108.3828125,-0.6232091690544412,108.3515625,108.359375,108.375,108.3828125,0.0078125,0.007908358895705516,24522,13461.4754601225,1,0,1,
327,12:00:00,20230209,570640394,108.3203125,-0.680515759312321,108.3359375,108.34375,108.3125,108.3203125,0.0078125,0.007908065749235468,27909,13495.2996941894,1,0,-1,
328,12:10:00,20230209,570640394,108.296875,-0.7020057306590258,108.3046875,108.3125,108.2890625,108.296875,0.0078125,0.007907774390243896,9436,13539.2439024388,0,0,-1,
329,12:20:00,20230209,570640394,108.21875,-0.7736389684813754,108.25,108.2578125,108.21875,108.2265625,0.0078125,0.007907484802431605,24101,13526.7720364739,1,0,-1,
330,12:30:00,20230209,570640394,108.21875,-0.7736389684813754,108.2265625,108.234375,108.2109375,108.21875,0.0078125,0.007907196969696963,15508,13558.8151515149,0,0,-1,
331,12:40:00,20230209,570640394,108.203125,-0.7879656160458453,108.203125,108.2109375,108.1953125,108.203125,0.0078125,0.007906910876132925,11939,13564.7039274922,0,0,0,
332,12:50:00,20230209,570640394,108.1640625,-0.82378223495702,108.1796875,108.1875,108.15625,108.1640625,0.0078125,0.00790662650602409,14195,13559.8072289154,0,0,-1,
333,13:00:00,20230209,570640394,108.1640625,-0.82378223495702,108.140625,108.1484375,108.15625,108.1640625,0.0078125,0.007906343843843838,20693,13561.7147147145,1,0,1,
334,13:10:00,20230209,570640394,108.109375,-0.8739255014326647,108.1171875,108.125,108.1015625,108.109375,0.0078125,0.00790606287425149,15373,13583.0658682633,0,0,-1,
335,13:20:00,20230209,570640394,108.1015625,-0.8810888252148997,108.0859375,108.09375,108.09375,108.1015625,0.0078125,0.007905783582089546,11247,13588.4089552237,0,0,1,
336,13:30:00,20230209,570640394,108.1015625,-0.8810888252148997,108.0859375,108.09375,108.09375,108.1015625,0.0078125,0.007905505952380947,13969,13581.4404761903,0,0,1,
337,13:40:00,20230209,570640394,108.0859375,-0.8954154727793696,108.1015625,108.109375,108.0859375,108.09375,0.0078125,0.007905229970326404,13550,13582.5905044509,0,0,-1,
338,13:50:00,20230209,570640394,108.0703125,-0.9097421203438396,108.0859375,108.09375,108.0703125,108.078125,0.0078125,0.007904955621301769,10848,13582.4940828401,0,0,-1,
339,14:00:00,20230209,570640394,108.109375,-0.8739255014326647,108.0859375,108.09375,108.109375,108.1171875,0.0078125,0.00790468289085545,12376,13574.4277286134,0,0,1,
340,14:10:00,20230209,570640394,108.125,-0.8595988538681949,108.1171875,108.125,108.1171875,108.125,0.0078125,0.007904411764705875,5247,13570.9029411763,-1,0,0,
341,14:20:00,20230209,570640394,108.125,-0.8595988538681949,108.1171875,108.125,108.125,108.1328125,0.0078125,0.007904142228738996,5674,13546.4926686215,-1,0,0,
342,14:30:00,20230209,570640394,108.1484375,-0.83810888252149,108.125,108.1328125,108.140625,108.1484375,0.0078125,0.007903874269005842,6376,13523.4736842103,-1,0,1,
343,14:40:00,20230209,570640394,108.1328125,-0.8524355300859598,108.1328125,108.140625,108.125,108.1328125,0.0078125,0.007903607871720111,6414,13502.6355685129,-1,0,0,
344,14:50:00,20230209,570640394,108.1328125,-0.8524355300859598,108.1171875,108.125,108.1328125,108.140625,0.0078125,0.007903343023255809,6404,13482.0290697672,-1,0,1,
345,15:00:00,20230209,570640394,108.171875,-0.8166189111747851,108.15625,108.1640625,108.1640625,108.171875,0.0078125,0.007903079710144922,11025,13461.513043478,0,0,1,
346,15:10:00,20230209,570640394,108.1875,-0.8022922636103151,108.1796875,108.1875,108.1796875,108.1953125,0.015625,0.007902817919075138,6136,13454.4710982656,-1,-1,0,
347,15:20:00,20230209,570640394,108.1796875,-0.8094555873925501,108.1640625,108.171875,108.171875,108.1796875,0.0078125,0.007925072046109505,4061,13433.3804034579,-1,0,1,
348,15:30:00,20230209,570640394,108.1875,-0.8022922636103151,108.1796875,108.1875,108.1796875,108.1875,0.0078125,0.007924748563218386,5337,13406.4482758618,-1,0,0,
349,15:40:00,20230209,570640394,108.171875,-0.8166189111747851,108.171875,108.1796875,108.171875,108.1796875,0.0078125,0.007924426934097416,7472,13383.3266475642,0,0,0,
350,15:50:00,20230209,570640394,108.171875,-0.8166189111747851,108.1640625,108.171875,108.1640625,108.171875,0.0078125,0.007924107142857137,4859,13366.4371428569,-1,0,0,
