N-term, time, date, conId, Current Price, Changes in Price (%), Time Average Bid, Time Average Ask, Last Bid Price, Last Ask Price, Bid-Ask Spread, Average Bid-Ask Spread, Current Volume, Average Volume, Volume Condition, Bid-Ask Spread Condition, Last Traded Condition, Order
0,09:30:00,20230127,578106878,623,0,597.55,608.9,546,551,5,0,0,0,0,-1,1,
1,09:40:00,20230127,578106878,623,0,603.6,612.9,546,555,9,5,0,0,0,-1,1,
2,09:50:00,20230127,578106878,623,0,606.55,612.15,546,555,9,7,0,0,0,0,1,
3,10:00:00,20230127,578106878,623,0,598.85,607.5,546,555,9,7.666666666666666,0,0,0,0,1,
4,10:10:00,20230127,578106878,623,0,607.05,609.9,546,555,9,8,0,0,0,0,1,
5,10:20:00,20230127,578106878,623,0,606.3,609.5,546,555,9,8.200000000000001,0,0,0,0,1,
6,10:30:00,20230127,578106878,624,0.16051364365971107,604.9,610,546,555,9,8.333333333333334,1,0,1,0,1,
7,10:40:00,20230127,578106878,624,0.16051364365971107,607.75,611.65,546,555,9,8.428571428571429,0,0.142857142857143,-1,0,1,
8,10:50:00,20230127,578106878,624,0.16051364365971107,610,612,545.5,555,9.5,8.5,0,0.125,-1,0,1,
9,11:00:00,20230127,578106878,624,0.16051364365971107,610,612,545.5,555,9.5,8.61111111111111,0,0.111111111111111,-1,0,1,
10,11:10:00,20230127,578106878,624,0.16051364365971107,610,612,545,555,10,8.7,0,0.0999999999999999,-1,0,1,
11,11:20:00,20230127,578106878,624,0.16051364365971107,610,612,545,555,10,8.818181818181817,0,0.0909090909090908,-1,0,1,
12,11:30:00,20230127,578106878,624,0.16051364365971107,610,612,545,555,10,8.916666666666666,0,0.0833333333333332,-1,0,1,
13,11:40:00,20230127,578106878,624,0.16051364365971107,610,612,550,555,5,9,0,0.0769230769230768,-1,0,1,
14,11:50:00,20230127,578106878,624,0.16051364365971107,608.7,611.5,550,555,5,8.714285714285715,0,0.0714285714285713,-1,0,1,
15,12:00:00,20230127,578106878,624,0.16051364365971107,608,611.5,550,555,5,8.466666666666669,0,0.0666666666666665,-1,0,1,
16,12:10:00,20230127,578106878,624,0.16051364365971107,608,611.5,549,555,6,8.250000000000002,0,0.0624999999999998,-1,0,1,
17,12:20:00,20230127,578106878,624,0.16051364365971107,609.4,611.4,547,555,8,8.11764705882353,0,0.0588235294117645,-1,0,1,
18,12:30:00,20230127,578106878,625,0.32102728731942215,608.75,611.4,549.5,555,5.5,8.111111111111112,1,0.0555555555555554,1,0,1,
19,12:40:00,20230127,578106878,625,0.32102728731942215,608.3,613.6,549.5,555,5.5,7.973684210526318,0,0.105263157894737,-1,0,1,
20,12:50:00,20230127,578106878,625,0.32102728731942215,610,614.5,544.5,555,10.5,7.850000000000002,4,0.1,1,0,1,
21,13:00:00,20230127,578106878,624.5,0.2407704654895666,612.2,614.5,549,551,2,7.976190476190478,7,0.285714285714286,1,1,1,BUY
22,13:10:00,20230127,578106878,624.5,0.2407704654895666,610.15,614.5,544.5,555,10.5,7.704545454545456,0,0.590909090909091,-1,0,1,
23,13:20:00,20230127,578106878,624.5,0.2407704654895666,610,614.5,544,555,11,7.82608695652174,0,0.565217391304348,-1,0,1,
24,13:30:00,20230127,578106878,624.5,0.2407704654895666,610,614.65,544,555,11,7.958333333333334,0,0.541666666666667,-1,0,1,
25,13:40:00,20230127,578106878,605,-2.889245585874799,610,615,544,555,11,8.08,4,0.52,1,0,-1,
26,13:50:00,20230127,578106878,605,-2.889245585874799,610,615,544,555,11,8.192307692307692,0,0.653846153846154,-1,0,-1,
27,14:00:00,20230127,578106878,605,-2.889245585874799,610,615,544,555,11,8.296296296296296,0,0.62962962962963,-1,0,-1,
28,14:10:00,20230127,578106878,605,-2.889245585874799,610,615,544,560,16,8.392857142857142,0,0.607142857142857,-1,-1,-1,SELL
29,14:20:00,20230127,578106878,605,-2.889245585874799,610,615,544,559.5,15.5,8.655172413793101,0,0.586206896551724,-1,-1,-1,SELL
30,14:30:00,20230127,578106878,605,-2.889245585874799,610,615,543.5,560,16.5,8.883333333333333,0,0.566666666666666,-1,-1,-1,SELL
31,14:40:00,20230127,578106878,595,-4.49438202247191,610,615,550,560,10,9.129032258064516,1,0.548387096774193,1,0,-1,
32,14:50:00,20230127,578106878,589.5,-5.377207062600322,611.45,615,550,560,10,9.15625,2,0.562499999999999,1,0,-1,
33,15:00:00,20230127,578106878,600,-3.6918138041733553,612.5,615,550,562,12,9.181818181818182,2,0.606060606060605,1,0,-1,
34,09:30:00,20230130,578106878,602,-3.3707865168539324,597,619.85,563,570,7,9.264705882352942,9,0.647058823529411,1,0,0,
35,09:40:00,20230130,578106878,607.5,-2.4879614767255216,596.3,615.8,563,570,7,9.2,3,0.885714285714285,1,0,0,
36,09:50:00,20230130,578106878,605,-2.889245585874799,594.85,613.55,563,570,7,9.138888888888888,3,0.944444444444444,1,0,0,
37,10:00:00,20230130,578106878,605,-2.889245585874799,604.65,613.9,563,570,7,9.08108108108108,1,1.0,0,0,0,
38,10:10:00,20230130,578106878,605,-2.889245585874799,606.05,612.5,563,570,7,9.026315789473683,0,1,-1,0,-1,
39,10:20:00,20230130,578106878,608,-2.4077046548956664,605.1,614.7,563,570,7,8.974358974358973,2,0.974358974358974,1,0,0,
40,10:30:00,20230130,578106878,608,-2.4077046548956664,604,614.1,563,570,7,8.924999999999999,0,1.0,-1,0,0,
41,10:40:00,20230130,578106878,610,-2.086677367576244,604,618.45,563,570,7,8.878048780487804,3,0.975609756097561,1,0,0,
42,10:50:00,20230130,578106878,610,-2.086677367576244,604,619,563,570,7,8.833333333333332,0,1.02380952380952,-1,0,0,
43,11:00:00,20230130,578106878,610,-2.086677367576244,604,619,556.5,570,13.5,8.790697674418604,0,0.999999999999996,-1,-1,0,
44,11:10:00,20230130,578106878,610,-2.086677367576244,604,619,556.5,570.5,14,8.897727272727272,0,0.977272727272724,-1,-1,0,
45,11:20:00,20230130,578106878,610,-2.086677367576244,604,617.1,556.5,570.5,14,9.011111111111111,0,0.955555555555552,-1,-1,0,
46,11:30:00,20230130,578106878,610,-2.086677367576244,604,612.25,556.5,570.5,14,9.119565217391305,0,0.934782608695649,-1,-1,0,
47,11:40:00,20230130,578106878,610,-2.086677367576244,604,612.7,570.5,573.5,3,9.22340425531915,0,0.914893617021274,-1,1,0,
48,11:50:00,20230130,578106878,610,-2.086677367576244,604,614.5,570.5,573.5,3,9.09375,1,0.895833333333331,0,1,0,
49,12:00:00,20230130,578106878,610,-2.086677367576244,604,614.5,570.5,573.5,3,8.96938775510204,0,0.897959183673467,-1,1,0,
50,12:10:00,20230130,578106878,610,-2.086677367576244,604,614.5,570.5,573.5,3,8.85,0,0.879999999999998,-1,1,0,
51,12:20:00,20230130,578106878,610,-2.086677367576244,604,619,570.5,573.5,3,8.735294117647058,0,0.862745098039214,-1,1,0,
52,12:30:00,20230130,578106878,610,-2.086677367576244,604,618.45,572.5,573.5,1,8.625,0,0.846153846153844,-1,1,0,
53,12:40:00,20230130,578106878,610,-2.086677367576244,604.4,617.5,572.5,573.5,1,8.481132075471697,0,0.830188679245281,-1,1,0,
54,12:50:00,20230130,578106878,610,-2.086677367576244,605,617.5,572.5,573.5,1,8.342592592592592,0,0.814814814814813,-1,1,0,
55,13:00:00,20230130,578106878,610,-2.086677367576244,605,617.5,572.5,573.5,1,8.209090909090907,0,0.799999999999998,-1,1,0,
56,13:10:00,20230130,578106878,614.5,-1.3643659711075442,605.5,617.5,572.5,573.5,1,8.08035714285714,3,0.785714285714284,1,1,0,
57,13:20:00,20230130,578106878,614.5,-1.3643659711075442,607.55,619.25,573.5,574.5,1,7.95614035087719,0,0.82456140350877,-1,1,0,
58,13:30:00,20230130,578106878,613,-1.6051364365971106,608.05,620,573.5,575.5,2,7.8362068965517215,1,0.810344827586205,0,1,0,
59,13:40:00,20230130,578106878,613,-1.6051364365971106,609.95,620,573.5,575.5,2,7.737288135593218,0,0.813559322033896,-1,1,0,
60,13:50:00,20230130,578106878,613,-1.6051364365971106,610,620,573.5,576.5,3,7.641666666666664,0,0.799999999999998,-1,1,0,
61,14:00:00,20230130,578106878,615,-1.2841091492776886,610.45,620,573.5,577,3.5,7.565573770491801,12,0.786885245901638,1,1,0,
62,14:10:00,20230130,578106878,615,-1.2841091492776886,610.9,620,573.5,577,3.5,7.499999999999997,0,0.96774193548387,-1,1,0,
63,14:20:00,20230130,578106878,615,-1.2841091492776886,611,620,573.5,577,3.5,7.436507936507934,0,0.952380952380951,-1,1,0,
64,14:30:00,20230130,578106878,615,-1.2841091492776886,611,621.25,573.5,575.5,2,7.374999999999997,0,0.937499999999999,-1,1,0,
65,14:40:00,20230130,578106878,615,-1.2841091492776886,611,622.5,573.5,575.5,2,7.2923076923076895,0,0.923076923076922,-1,1,0,
66,14:50:00,20230130,578106878,615,-1.2841091492776886,609.8,622.5,572.5,582.5,10,7.212121212121209,0,0.909090909090908,-1,0,0,
67,15:00:00,20230130,578106878,615,-1.2841091492776886,605.5,622.5,572.5,599,26.5,7.2537313432835795,0,0.8955223880597,-1,-1,0,
68,09:30:00,20230131,578106878,615,-1.2841091492776886,615.95,625.3,581,587.5,6.5,7.536764705882351,0,0.882352941176469,-1,0,-1,
69,09:40:00,20230131,578106878,615,-1.2841091492776886,616,622.25,581,587.5,6.5,7.5217391304347805,0,0.869565217391303,-1,0,-1,
70,09:50:00,20230131,578106878,615,-1.2841091492776886,616.4,623.5,580.5,588.5,8,7.5071428571428545,0,0.857142857142856,-1,0,-1,
71,10:00:00,20230131,578106878,612.5,-1.6853932584269662,612.55,620.15,579.5,588.5,9,7.51408450704225,8,0.84507042253521,1,0,-1,
72,10:10:00,20230131,578106878,612.5,-1.6853932584269662,603.1,620.3,579.5,588.5,9,7.534722222222219,0,0.944444444444443,-1,0,0,
73,10:20:00,20230131,578106878,612.5,-1.6853932584269662,606.95,620.8,579.5,588.5,9,7.554794520547942,4,0.931506849315067,1,0,0,
74,10:30:00,20230131,578106878,612.5,-1.6853932584269662,606.7,621,579.5,588.5,9,7.574324324324321,0,0.972972972972971,-1,0,0,
75,10:40:00,20230131,578106878,612.5,-1.6853932584269662,608.4,621,579.5,588.5,9,7.59333333333333,4,0.959999999999998,1,0,0,
76,10:50:00,20230131,578106878,612.5,-1.6853932584269662,610.5,621,579.5,588.5,9,7.611842105263155,0,0.999999999999998,-1,0,0,
77,11:00:00,20230131,578106878,612.5,-1.6853932584269662,610.5,621,579.5,588.5,9,7.629870129870127,0,0.987012987012985,-1,0,0,
78,11:10:00,20230131,578106878,612.5,-1.6853932584269662,605.7,621.1,579.5,588.5,9,7.647435897435893,0,0.974358974358972,-1,0,0,
79,11:20:00,20230131,578106878,612.5,-1.6853932584269662,603,623.5,579.5,585.5,6,7.664556962025312,0,0.962025316455694,-1,0,0,
80,11:30:00,20230131,578106878,614.5,-1.3643659711075442,604.05,623.5,579.5,585.5,6,7.643749999999995,1,0.949999999999998,0,0,0,
81,11:40:00,20230131,578106878,614.5,-1.3643659711075442,614.45,623.5,579.5,585.5,6,7.623456790123453,2,0.950617283950615,1,0,0,
82,11:50:00,20230131,578106878,614.5,-1.3643659711075442,621,623.5,579.5,586.5,7,7.603658536585362,2,0.963414634146339,1,0,-1,
83,12:00:00,20230131,578106878,614.5,-1.3643659711075442,621,623.5,579.5,586.5,7,7.5963855421686715,1,0.975903614457829,0,0,-1,
84,12:10:00,20230131,578106878,614.5,-1.3643659711075442,621,623.5,579.5,587,7.5,7.589285714285711,2,0.976190476190474,1,0,-1,
85,12:20:00,20230131,578106878,614.5,-1.3643659711075442,618.3,623.35,579.5,587.5,8,7.588235294117643,1,0.988235294117645,0,0,-1,
86,12:30:00,20230131,578106878,614.5,-1.3643659711075442,616.5,623.5,579.5,595,15.5,7.59302325581395,0,0.988372093023254,-1,-1,-1,SELL
87,12:40:00,20230131,578106878,614.5,-1.3643659711075442,616.5,623.45,579.5,586,6.5,7.683908045977008,0,0.977011494252872,-1,0,-1,
88,12:50:00,20230131,578106878,617.5,-0.8828250401284109,617.95,623.5,579.5,585,5.5,7.670454545454542,2,0.965909090909089,1,0,-1,
89,13:00:00,20230131,578106878,617.5,-0.8828250401284109,617.15,623.5,579.5,582.5,3,7.646067415730334,3,0.977528089887639,1,1,0,
90,13:10:00,20230131,578106878,617.5,-0.8828250401284109,615.55,623,579.5,594.5,15,7.5944444444444414,2,0.999999999999999,1,-1,0,
91,13:20:00,20230131,578106878,619,-0.6420545746388443,613.95,620.9,577.5,590,12.5,7.675824175824173,2,1.01098901098901,1,-1,0,
92,13:30:00,20230131,578106878,620,-0.4815409309791332,613.8,622.7,578,582.5,4.5,7.728260869565215,3,1.02173913043478,1,0,0,
93,13:40:00,20230131,578106878,620,-0.4815409309791332,619,622.95,578,595,17,7.693548387096772,4,1.04301075268817,1,-1,0,
94,13:50:00,20230131,578106878,620,-0.4815409309791332,619.55,623,573.5,579.5,6,7.79255319148936,2,1.07446808510638,1,0,0,
95,14:00:00,20230131,578106878,620,-0.4815409309791332,620.55,623,573.5,579.5,6,7.773684210526315,3,1.08421052631579,1,0,-1,
96,14:10:00,20230131,578106878,620,-0.4815409309791332,619.25,623.45,573.5,577,3.5,7.755208333333332,2,1.10416666666667,1,1,0,
97,14:20:00,20230131,578106878,620,-0.4815409309791332,614,623.5,573.5,579,5.5,7.711340206185565,2,1.11340206185567,1,0,0,
98,14:30:00,20230131,578106878,622.5,-0.08025682182985554,615.15,623.5,572.5,577,4.5,7.68877551020408,6,1.12244897959184,1,0,0,
99,14:40:00,20230131,578106878,622.5,-0.08025682182985554,621,623,572.5,581.5,9,7.656565656565655,0,1.17171717171717,-1,0,0,
100,14:50:00,20230131,578106878,622.5,-0.08025682182985554,615.1,623,574,582,8,7.669999999999998,0,1.16,-1,0,0,
101,15:00:00,20230131,578106878,622.5,-0.08025682182985554,604,621.4,572.5,585,12.5,7.673267326732671,0,1.14851485148515,-1,-1,1,
102,09:30:00,20230201,578106878,622,-0.16051364365971107,601,609,588.5,598,9.5,7.720588235294115,1,1.13725490196079,0,0,1,
103,09:40:00,20230201,578106878,622,-0.16051364365971107,601,609,583.5,590,6.5,7.737864077669901,3,1.13592233009709,1,0,1,
104,09:50:00,20230201,578106878,616.5,-1.043338683788122,601,609,583.5,598,14.5,7.7259615384615365,14,1.15384615384616,1,-1,1,
105,10:00:00,20230201,578106878,621,-0.32102728731942215,601,608.8,590,598,8,7.790476190476189,2,1.27619047619048,1,0,1,
106,10:10:00,20230201,578106878,621,-0.32102728731942215,582.75,603.55,583.5,604,20.5,7.792452830188678,1,1.28301886792453,0,-1,1,
107,10:20:00,20230201,578106878,621,-0.32102728731942215,591.7,601.5,583.5,605,21.5,7.911214953271027,0,1.2803738317757,-1,-1,1,
108,10:30:00,20230201,578106878,621,-0.32102728731942215,581.55,601.5,583.5,605,21.5,8.037037037037036,0,1.26851851851852,-1,-1,1,
109,10:40:00,20230201,578106878,621,-0.32102728731942215,580.15,601.5,583.5,605,21.5,8.160550458715596,0,1.25688073394496,-1,-1,1,
110,10:50:00,20230201,578106878,621,-0.32102728731942215,573,601.5,583.5,605,21.5,8.281818181818181,0,1.24545454545455,-1,-1,1,
111,11:00:00,20230201,578106878,621,-0.32102728731942215,576.65,601.5,583.5,605,21.5,8.4009009009009,2,1.23423423423424,1,-1,1,
112,11:10:00,20230201,578106878,623.5,0.08025682182985554,573.5,601.5,583.5,605,21.5,8.517857142857144,1,1.24107142857143,0,-1,1,
113,11:20:00,20230201,578106878,623.5,0.08025682182985554,573,601.5,583.5,605,21.5,8.63274336283186,0,1.23893805309735,-1,-1,1,
114,11:30:00,20230201,578106878,623.5,0.08025682182985554,573,601.1,583.5,614,30.5,8.745614035087721,0,1.2280701754386,-1,-1,1,
115,11:40:00,20230201,578106878,623.5,0.08025682182985554,573,601,583.5,614,30.5,8.934782608695652,0,1.21739130434783,-1,-1,1,
116,11:50:00,20230201,578106878,623.5,0.08025682182985554,573,601,583.5,614,30.5,9.120689655172413,0,1.20689655172414,-1,-1,1,
117,12:00:00,20230201,578106878,623.5,0.08025682182985554,573,601,583.5,610,26.5,9.303418803418804,0,1.1965811965812,-1,-1,1,
118,12:10:00,20230201,578106878,621,-0.32102728731942215,590.75,601.4,583.5,610,26.5,9.449152542372882,3,1.18644067796611,1,-1,1,
119,12:20:00,20230201,578106878,621,-0.32102728731942215,592.65,603.7,583,610,27,9.592436974789916,0,1.20168067226892,-1,-1,1,
120,12:30:00,20230201,578106878,621,-0.32102728731942215,592,605,583,610,27,9.737499999999999,1,1.19166666666668,0,-1,1,
121,12:40:00,20230201,578106878,621,-0.32102728731942215,592,605,583,610,27,9.880165289256198,0,1.19008264462811,-1,-1,1,
122,12:50:00,20230201,578106878,620.5,-0.40128410914927765,592,605,583,610,27,10.020491803278688,7,1.18032786885247,1,-1,1,
123,13:00:00,20230201,578106878,622.5,-0.08025682182985554,585.3,605,596.5,610,13.5,10.158536585365852,4,1.22764227642278,1,0,1,
124,13:10:00,20230201,578106878,620,-0.4815409309791332,578.35,604.45,596.5,610,13.5,10.18548387096774,2,1.25000000000002,1,0,1,
125,13:20:00,20230201,578106878,620,-0.4815409309791332,584.55,603.5,596.5,610,13.5,10.211999999999998,0,1.25600000000002,-1,0,1,
126,13:30:00,20230201,578106878,619.5,-0.5617977528089888,596.55,604.55,596.5,610,13.5,10.238095238095237,4,1.24603174603177,1,0,1,
127,13:40:00,20230201,578106878,619.5,-0.5617977528089888,590,605,583,610,27,10.263779527559056,0,1.26771653543309,-1,-1,1,
128,13:50:00,20230201,578106878,619.5,-0.5617977528089888,590,605,583,600,17,10.39453125,0,1.25781250000002,-1,-1,1,
129,14:00:00,20230201,578106878,623,0,590.15,607.15,583,600,17,10.445736434108527,1,1.2480620155039,0,-1,1,
130,14:10:00,20230201,578106878,623,0,590,608.5,584.5,604.5,20,10.496153846153845,0,1.24615384615387,-1,-1,1,
131,14:20:00,20230201,578106878,623,0,590,608.5,584.5,604.5,20,10.568702290076335,0,1.23664122137407,-1,-1,1,
132,14:30:00,20230201,578106878,623,0,590,608.5,584.5,605,20.5,10.640151515151514,0,1.22727272727275,-1,-1,1,
133,14:40:00,20230201,578106878,623,0,590,608.5,584.5,605,20.5,10.714285714285714,2,1.21804511278198,1,-1,1,
134,14:50:00,20230201,578106878,623,0,591,608.5,584.5,608,23.5,10.78731343283582,0,1.22388059701495,-1,-1,1,
135,15:00:00,20230201,578106878,608,-2.4077046548956664,600,608.5,583.5,608,24.5,10.88148148148148,1,1.21481481481484,0,-1,0,
136,09:30:00,20230202,578106878,601,-3.5313001605136436,583.1,610.35,600,608.5,8.5,10.98161764705882,0,1.21323529411767,-1,0,0,
137,09:40:00,20230202,578106878,601,-3.5313001605136436,583.5,608,600,608.5,8.5,10.963503649635033,0,1.20437956204382,-1,0,0,
138,09:50:00,20230202,578106878,601.5,-3.451043338683788,583.85,608,600,608.5,8.5,10.94565217391304,6,1.19565217391307,1,0,0,
139,10:00:00,20230202,578106878,601.5,-3.451043338683788,584.5,605.55,590,608.5,18.5,10.928057553956831,0,1.23021582733816,-1,-1,0,
140,10:10:00,20230202,578106878,601.5,-3.451043338683788,584.5,605,590,608.5,18.5,10.982142857142854,0,1.2214285714286,-1,-1,0,
141,10:20:00,20230202,578106878,601.5,-3.451043338683788,584.5,604.8,590,608.5,18.5,11.0354609929078,0,1.21276595744684,-1,-1,0,
142,10:30:00,20230202,578106878,601.5,-3.451043338683788,584.5,604.5,590,608.5,18.5,11.088028169014082,0,1.20422535211271,-1,-1,0,
143,10:40:00,20230202,578106878,601.5,-3.451043338683788,583.35,600.7,590,608.5,18.5,11.139860139860138,0,1.19580419580423,-1,-1,1,
144,10:50:00,20230202,578106878,601.5,-3.451043338683788,583,600,590,605,15,11.19097222222222,0,1.18750000000003,-1,0,1,
145,11:00:00,20230202,578106878,601.5,-3.451043338683788,583,603.15,590,605,15,11.217241379310343,0,1.17931034482762,-1,0,0,
146,11:10:00,20230202,578106878,601.5,-3.451043338683788,586.65,609.95,590,605,15,11.243150684931505,0,1.17123287671236,-1,0,0,
147,11:20:00,20230202,578106878,601.5,-3.451043338683788,596.5,610,585.5,603.5,18,11.268707482993195,0,1.16326530612248,-1,-1,0,
148,11:30:00,20230202,578106878,601.5,-3.451043338683788,596.5,610,580,603.5,23.5,11.314189189189186,0,1.15540540540544,-1,-1,0,
149,11:40:00,20230202,578106878,601.5,-3.451043338683788,596.5,610,577.5,605,27.5,11.395973154362412,0,1.14765100671144,-1,-1,0,
150,11:50:00,20230202,578106878,601.5,-3.451043338683788,587.35,610,592,605,13,11.50333333333333,0,1.14000000000003,-1,0,0,
151,12:00:00,20230202,578106878,601.5,-3.451043338683788,583,610,592,605,13,11.513245033112579,2,1.13245033112586,1,0,0,
152,12:10:00,20230202,578106878,601.5,-3.451043338683788,583,610,592,605,13,11.52302631578947,0,1.13815789473687,-1,0,0,
153,12:20:00,20230202,578106878,601.5,-3.451043338683788,583,610,592,605,13,11.532679738562088,0,1.13071895424839,-1,0,0,
154,12:30:00,20230202,578106878,601.5,-3.451043338683788,583.15,610,594,601.5,7.5,11.542207792207789,0,1.12337662337665,-1,0,0,
155,12:40:00,20230202,578106878,601.5,-3.451043338683788,583.5,610,573,601,28,11.51612903225806,0,1.11612903225809,-1,-1,0,
156,12:50:00,20230202,578106878,601.5,-3.451043338683788,583.5,610.75,573,601,28,11.621794871794867,0,1.10897435897438,-1,-1,0,
157,13:00:00,20230202,578106878,601.5,-3.451043338683788,583.5,614,573,601,28,11.726114649681525,0,1.1019108280255,-1,-1,0,
158,13:10:00,20230202,578106878,605,-2.889245585874799,583.5,614,573,601,28,11.82911392405063,4,1.09493670886078,1,-1,0,
159,13:20:00,20230202,578106878,605,-2.889245585874799,583.5,612.6,573,601.5,28.5,11.93081761006289,0,1.11320754716983,-1,-1,0,
160,13:30:00,20230202,578106878,605,-2.889245585874799,583.5,605,573,601.5,28.5,12.034374999999997,0,1.10625000000002,-1,-1,0,
161,13:40:00,20230202,578106878,605,-2.889245585874799,583.5,605,597,601.5,4.5,12.136645962732917,2,1.0993788819876,1,1,0,
162,13:50:00,20230202,578106878,605,-2.889245585874799,583.5,605,573,601.5,28.5,12.089506172839505,0,1.10493827160496,-1,-1,0,
163,14:00:00,20230202,578106878,605,-2.889245585874799,583.5,605,573,601.5,28.5,12.190184049079754,0,1.09815950920248,-1,-1,0,
164,14:10:00,20230202,578106878,605,-2.889245585874799,583.5,605,590,601.5,11.5,12.289634146341463,0,1.09146341463417,-1,0,0,
165,14:20:00,20230202,578106878,605,-2.889245585874799,583.5,605,590,601.5,11.5,12.284848484848485,0,1.08484848484851,-1,0,0,
166,14:30:00,20230202,578106878,605,-2.889245585874799,583.5,604.25,598.5,601.5,3,12.28012048192771,0,1.07831325301207,-1,1,1,
167,14:40:00,20230202,578106878,605,-2.889245585874799,588.35,601,601,608.5,7.5,12.224550898203592,0,1.07185628742517,-1,0,1,
168,14:50:00,20230202,578106878,605,-2.889245585874799,584.8,598,601,609,8,12.196428571428571,0,1.06547619047621,-1,0,1,
169,15:00:00,20230202,578106878,605,-2.889245585874799,583.5,595.8,601,609,8,12.171597633136095,0,1.05917159763316,-1,0,1,
170,14:30:00,20230203,578106878,590,-5.296950240770466,584.3,595,601,609,8,12.147058823529411,4,1.05294117647061,1,0,0,
171,14:40:00,20230203,578106878,590,-5.296950240770466,585.95,598,601,609,8,12.122807017543858,0,1.07017543859651,-1,0,0,
172,14:50:00,20230203,578106878,590,-5.296950240770466,576.4,593.15,603,608,5,12.098837209302324,0,1.06395348837211,-1,1,0,
173,15:00:00,20230203,578106878,590,-5.296950240770466,574.1,593.2,604,611,7,12.05780346820809,0,1.05780346820811,-1,0,0,
174,09:30:00,20230206,578106878,577,-7.3836276083467105,574.6,581.05,621,623,2,12.028735632183906,1,1.05172413793105,0,1,0,
175,09:40:00,20230206,578106878,577,-7.3836276083467105,572.5,579.4,621,623.5,2.5,11.97142857142857,0,1.05142857142859,-1,1,0,
176,09:50:00,20230206,578106878,577,-7.3836276083467105,573.5,578.1,614,623.5,9.5,11.917613636363635,0,1.04545454545456,-1,0,0,
177,10:00:00,20230206,578106878,577,-7.3836276083467105,573.5,578.85,614,623.5,9.5,11.903954802259884,0,1.03954802259888,-1,0,0,
178,10:10:00,20230206,578106878,579.5,-6.982343499197431,573.6,578.5,621,623,2,11.890449438202245,3,1.03370786516855,1,1,1,BUY
179,10:20:00,20230206,578106878,579.5,-6.982343499197431,573.5,579.5,620,623,3,11.835195530726255,0,1.04469273743018,-1,1,0,
180,10:30:00,20230206,578106878,579.5,-6.982343499197431,575.9,589.25,619.5,623,3.5,11.78611111111111,2,1.0388888888889,1,1,0,
181,10:40:00,20230206,578106878,579.5,-6.982343499197431,578,583.95,614,623,9,11.740331491712706,0,1.04419889502764,-1,0,0,
182,10:50:00,20230206,578106878,579.5,-6.982343499197431,577.55,588.1,613.5,622,8.5,11.725274725274723,0,1.03846153846155,-1,0,0,
183,11:00:00,20230206,578106878,579.5,-6.982343499197431,577.6,590.75,614,622.5,8.5,11.707650273224042,0,1.03278688524591,-1,0,0,
184,11:10:00,20230206,578106878,579.5,-6.982343499197431,579.5,586.1,616,623.5,7.5,11.690217391304344,0,1.02717391304349,-1,0,0,
185,11:20:00,20230206,578106878,579.5,-6.982343499197431,579.5,585.4,620.5,623.5,3,11.667567567567565,0,1.02162162162163,-1,1,0,
186,11:30:00,20230206,578106878,579.5,-6.982343499197431,579.5,591.7,616.5,623.5,7,11.62096774193548,0,1.01612903225807,-1,0,0,
187,11:40:00,20230206,578106878,579.5,-6.982343499197431,579.5,591,616.5,623.5,7,11.596256684491975,0,1.01069518716578,-1,0,0,
188,11:50:00,20230206,578106878,579.5,-6.982343499197431,579.5,588.95,616.5,623.5,7,11.571808510638293,0,1.00531914893617,-1,0,0,
189,12:00:00,20230206,578106878,579.5,-6.982343499197431,579.5,587.45,621,623.5,2.5,11.547619047619042,0,1.0,-1,1,0,
190,12:10:00,20230206,578106878,579.5,-6.982343499197431,579.5,586.55,621,623.5,2.5,11.499999999999995,0,0.994736842105263,-1,1,0,
191,12:20:00,20230206,578106878,579.5,-6.982343499197431,579.5,586.5,621,623.5,2.5,11.452879581151828,0,0.989528795811518,-1,1,0,
192,12:30:00,20230206,578106878,579.5,-6.982343499197431,579.5,586.25,621,623.5,2.5,11.406249999999996,0,0.984375,-1,1,0,
193,12:40:00,20230206,578106878,579.5,-6.982343499197431,579.5,585.3,604.5,623.5,19,11.360103626943001,0,0.979274611398964,-1,-1,0,
194,12:50:00,20230206,578106878,579.5,-6.982343499197431,579.5,585.5,603,623.5,20.5,11.39948453608247,0,0.974226804123712,-1,-1,0,
195,13:00:00,20230206,578106878,579.5,-6.982343499197431,579.5,586.05,603,623.5,20.5,11.446153846153841,0,0.96923076923077,-1,-1,0,
196,13:10:00,20230206,578106878,579.5,-6.982343499197431,579.5,588.5,610.5,621,10.5,11.492346938775505,0,0.964285714285715,-1,0,0,
197,13:20:00,20230206,578106878,579.5,-6.982343499197431,579.5,588.5,610.5,621,10.5,11.487309644670045,0,0.959390862944163,-1,0,0,
198,13:30:00,20230206,578106878,579.5,-6.982343499197431,579.5,588.5,610.5,621,10.5,11.482323232323226,0,0.954545454545455,-1,0,0,
199,13:40:00,20230206,578106878,579.5,-6.982343499197431,579.5,588.5,603,621,18,11.477386934673362,0,0.949748743718594,-1,-1,0,
200,13:50:00,20230206,578106878,579.5,-6.982343499197431,579.5,588.5,612,621,9,11.509999999999994,0,0.945000000000001,-1,0,0,
201,14:00:00,20230206,578106878,579.5,-6.982343499197431,579.5,588.5,603,621,18,11.49751243781094,0,0.940298507462688,-1,-1,0,
202,14:10:00,20230206,578106878,579.5,-6.982343499197431,579.5,588.5,603,620,17,11.529702970297024,0,0.935643564356437,-1,0,0,
203,14:20:00,20230206,578106878,579.5,-6.982343499197431,579.7,588.5,616,622,6,11.556650246305413,0,0.931034482758622,-1,0,-1,
204,14:30:00,20230206,578106878,579.5,-6.982343499197431,580.85,587.65,616,622,6,11.529411764705877,0,0.926470588235295,-1,0,-1,
205,14:40:00,20230206,578106878,579.5,-6.982343499197431,581,587.5,616,625,9,11.502439024390238,0,0.921951219512196,-1,0,-1,
206,14:50:00,20230206,578106878,579.5,-6.982343499197431,581,587.5,615.5,628,12.5,11.490291262135916,0,0.917475728155341,-1,0,-1,
207,15:00:00,20230206,578106878,579.5,-6.982343499197431,581,587.5,615.5,627,11.5,11.495169082125598,0,0.913043478260871,-1,0,-1,
208,09:30:00,20230207,578106878,575.5,-7.624398073836276,573.5,575.5,611,622.5,11.5,11.495192307692301,0,0.908653846153848,-1,0,0,
209,09:40:00,20230207,578106878,575.5,-7.624398073836276,573.5,575.8,611,620,9,11.495215311004777,2,0.904306220095696,1,0,0,
210,09:50:00,20230207,578106878,575.5,-7.624398073836276,573.5,577,611,620,9,11.483333333333325,0,0.909523809523812,-1,0,0,
211,10:00:00,20230207,578106878,575.5,-7.624398073836276,573.5,577,610.5,620,9.5,11.471563981042646,0,0.905213270142182,-1,0,0,
212,10:10:00,20230207,578106878,575.5,-7.624398073836276,573.5,576.8,610,620,10,11.462264150943387,0,0.900943396226417,-1,0,0,
213,10:20:00,20230207,578106878,575.5,-7.624398073836276,573.5,576.35,610,620,10,11.455399061032855,0,0.896713615023476,-1,0,0,
214,10:30:00,20230207,578106878,575.5,-7.624398073836276,573.5,575.5,608.5,620,11.5,11.448598130841113,0,0.892523364485983,-1,0,0,
215,10:40:00,20230207,578106878,575.5,-7.624398073836276,573.5,575,608,620,12,11.448837209302317,0,0.888372093023258,-1,0,1,
216,10:50:00,20230207,578106878,573,-8.025682182985554,573.05,574.05,606.5,617.5,11,11.45138888888888,2,0.884259259259262,1,0,-1,
217,11:00:00,20230207,578106878,573.5,-7.945425361155698,572.5,573.5,605,617.5,12.5,11.449308755760361,2,0.889400921658989,1,0,0,
218,11:10:00,20230207,578106878,573.5,-7.945425361155698,572.5,573.5,605,617.5,12.5,11.454128440366965,0,0.894495412844039,-1,0,0,
219,11:20:00,20230207,578106878,573.5,-7.945425361155698,572.5,573.5,605,617.5,12.5,11.458904109589035,0,0.890410958904112,-1,0,0,
220,11:30:00,20230207,578106878,573.5,-7.945425361155698,572.5,573.5,604,617.5,13.5,11.463636363636358,0,0.886363636363639,-1,0,0,
221,11:40:00,20230207,578106878,572.5,-8.105939004815408,571.9,573.5,604,619,15,11.472850678733025,4,0.882352941176473,1,0,0,
222,11:50:00,20230207,578106878,572.5,-8.105939004815408,570.5,573.5,604,614.5,10.5,11.488738738738732,0,0.896396396396399,-1,0,0,
223,12:00:00,20230207,578106878,572.5,-8.105939004815408,570.5,573.5,604,614.5,10.5,11.48430493273542,0,0.892376681614352,-1,0,0,
224,12:10:00,20230207,578106878,572.5,-8.105939004815408,570.5,573.5,604,614.5,10.5,11.479910714285708,0,0.888392857142859,-1,0,0,
225,12:20:00,20230207,578106878,572.5,-8.105939004815408,570.5,573.5,604,614.5,10.5,11.47555555555555,0,0.884444444444446,-1,0,0,
226,12:30:00,20230207,578106878,570.5,-8.426966292134832,563,571.9,604,610,6,11.47123893805309,2,0.880530973451329,1,0,0,
227,12:40:00,20230207,578106878,570.5,-8.426966292134832,556.5,570.5,604,614.5,10.5,11.447136563876645,0,0.885462555066081,-1,0,0,
228,12:50:00,20230207,578106878,570.5,-8.426966292134832,556.5,570.5,604,619,15,11.442982456140344,0,0.881578947368423,-1,0,0,
229,13:00:00,20230207,578106878,570.5,-8.426966292134832,556.5,570.3,604,619,15,11.458515283842788,0,0.877729257641923,-1,0,1,
230,13:10:00,20230207,578106878,570.5,-8.426966292134832,560.35,570,604,619,15,11.473913043478253,0,0.873913043478262,-1,0,1,
231,13:20:00,20230207,578106878,570.5,-8.426966292134832,563,570,604,619,15,11.489177489177482,0,0.870129870129871,-1,0,1,
232,13:30:00,20230207,578106878,570.5,-8.426966292134832,563,570,604,612.5,8.5,11.50431034482758,0,0.866379310344828,-1,0,1,
233,13:40:00,20230207,578106878,570.5,-8.426966292134832,563,570,604,615,11,11.49141630901287,0,0.862660944206009,-1,0,1,
234,13:50:00,20230207,578106878,570.5,-8.426966292134832,563,570,605.5,612.5,7,11.489316239316233,0,0.858974358974359,-1,0,1,
235,14:00:00,20230207,578106878,570.5,-8.426966292134832,563,570,605.5,612.5,7,11.47021276595744,0,0.85531914893617,-1,0,1,
236,14:10:00,20230207,578106878,570.5,-8.426966292134832,563,570,596,610,14,11.451271186440671,0,0.851694915254237,-1,0,1,
237,14:20:00,20230207,578106878,570.5,-8.426966292134832,563,570,594,615,21,11.462025316455689,0,0.848101265822784,-1,-1,1,
238,14:30:00,20230207,578106878,570.5,-8.426966292134832,563,570,597,620,23,11.502100840336126,0,0.84453781512605,-1,-1,1,
239,14:40:00,20230207,578106878,570.5,-8.426966292134832,563,570,597,620,23,11.550209205020913,0,0.841004184100418,-1,-1,1,
240,14:50:00,20230207,578106878,558.5,-10.353130016051363,562.2,568.55,597,615,18,11.59791666666666,6,0.8375,1,-1,-1,
241,15:00:00,20230207,578106878,558.5,-10.353130016051363,545.8,567.7,605,615,10,11.624481327800822,0,0.858921161825726,-1,0,0,
242,09:30:00,20230208,578106878,551,-11.556982343499197,549.2,560,610,615,5,11.617768595041316,0,0.855371900826446,-1,1,0,
243,09:40:00,20230208,578106878,551,-11.556982343499197,543.95,559.75,610,615,5,11.590534979423861,0,0.851851851851852,-1,1,0,
244,09:50:00,20230208,578106878,551,-11.556982343499197,544,559.7,610,615,5,11.563524590163926,0,0.848360655737705,-1,1,0,
245,10:00:00,20230208,578106878,551,-11.556982343499197,544,556.05,610,615,5,11.536734693877543,0,0.844897959183674,-1,1,0,
246,10:10:00,20230208,578106878,551,-11.556982343499197,544,555,610,615,5,11.510162601626007,0,0.841463414634147,-1,1,0,
247,10:20:00,20230208,578106878,551,-11.556982343499197,544,555,610,615,5,11.483805668016185,0,0.838056680161944,-1,1,0,
248,10:30:00,20230208,578106878,551,-11.556982343499197,544,555,610,615,5,11.457661290322571,0,0.834677419354839,-1,1,0,
249,10:40:00,20230208,578106878,551,-11.556982343499197,544,555,610,614.5,4.5,11.431726907630512,0,0.83132530120482,-1,1,0,
250,10:50:00,20230208,578106878,551,-11.556982343499197,544.05,555,610,614.5,4.5,11.403999999999991,0,0.828000000000001,-1,1,0,
251,11:00:00,20230208,578106878,550,-11.717495987158909,545.6,553.4,614,614.5,0.5,11.376494023904373,4,0.824701195219124,1,1,0,
252,11:10:00,20230208,578106878,555,-10.914927768860354,544.85,554.7,610,614.5,4.5,11.333333333333323,1,0.837301587301588,0,1,1,
253,11:20:00,20230208,578106878,555,-10.914927768860354,545,555,610,614.5,4.5,11.306324110671927,0,0.837944664031621,-1,1,0,
254,11:30:00,20230208,578106878,555,-10.914927768860354,549.5,555,608,611.5,3.5,11.279527559055108,0,0.834645669291339,-1,1,0,
255,11:40:00,20230208,578106878,555,-10.914927768860354,548.75,554.8,609.5,611.5,2,11.249019607843127,0,0.831372549019608,-1,1,1,
256,11:50:00,20230208,578106878,555,-10.914927768860354,547.1,555,608.5,611.5,3,11.212890624999991,0,0.828125,-1,1,0,
257,12:00:00,20230208,578106878,555,-10.914927768860354,549.55,555,608,611.5,3.5,11.180933852140068,4,0.824902723735409,1,1,0,
258,12:10:00,20230208,578106878,555,-10.914927768860354,550,555,608,611.5,3.5,11.151162790697665,0,0.837209302325582,-1,1,0,
259,12:20:00,20230208,578106878,555,-10.914927768860354,550,555,610,612,2,11.121621621621612,0,0.833976833976834,-1,1,0,
260,12:30:00,20230208,578106878,555,-10.914927768860354,545.7,555,610,612,2,11.086538461538453,0,0.830769230769231,-1,1,0,
261,12:40:00,20230208,578106878,555,-10.914927768860354,545,555,610,612,2,11.051724137931025,0,0.827586206896552,-1,1,0,
262,12:50:00,20230208,578106878,555,-10.914927768860354,545,555,610,612,2,11.017175572519074,0,0.824427480916031,-1,1,0,
263,13:00:00,20230208,578106878,555,-10.914927768860354,545.1,555,610,612,2,10.982889733840294,0,0.8212927756654,-1,1,0,
264,13:10:00,20230208,578106878,555,-10.914927768860354,545.5,555,610,612,2,10.948863636363626,0,0.818181818181819,-1,1,0,
265,13:20:00,20230208,578106878,555,-10.914927768860354,545.95,555,610,612,2,10.915094339622632,0,0.815094339622642,-1,1,0,
266,13:30:00,20230208,578106878,555,-10.914927768860354,546,555,607,610,3,10.881578947368412,0,0.81203007518797,-1,1,0,
267,13:40:00,20230208,578106878,555,-10.914927768860354,546,555,598,610,12,10.852059925093624,0,0.808988764044944,-1,0,0,
268,13:50:00,20230208,578106878,555,-10.914927768860354,546,555,607.5,610,2.5,10.856343283582081,0,0.805970149253732,-1,1,0,
269,14:00:00,20230208,578106878,555,-10.914927768860354,546,555,605,607.5,2.5,10.825278810408914,0,0.802973977695168,-1,1,0,
270,14:10:00,20230208,578106878,555,-10.914927768860354,546,555,593.5,607.5,14,10.794444444444437,0,0.800000000000001,-1,0,0,
271,14:20:00,20230208,578106878,555,-10.914927768860354,546,555,607.5,614,6.5,10.80627306273062,0,0.797047970479706,-1,0,0,
272,14:30:00,20230208,578106878,555,-10.914927768860354,546,554.2,599.5,609,9.5,10.79044117647058,0,0.794117647058825,-1,0,1,
273,14:40:00,20230208,578106878,555,-10.914927768860354,546,551,598,605,7,10.785714285714278,0,0.791208791208793,-1,0,1,
274,14:50:00,20230208,578106878,548,-12.038523274478331,546,551.05,590,594.5,4.5,10.77189781021897,1,0.788321167883214,0,1,0,
275,15:00:00,20230208,578106878,550,-11.717495987158909,546.95,554.1,580.5,596.5,16,10.749090909090901,1,0.789090909090912,0,0,0,
276,09:30:00,20230209,578106878,537.5,-13.723916532905298,535.2,542.15,585,602,17,10.768115942028977,0,0.789855072463771,-1,-1,0,
277,09:40:00,20230209,578106878,537.5,-13.723916532905298,535.95,542,585,603,18,10.790613718411546,0,0.787003610108306,-1,-1,0,
278,09:50:00,20230209,578106878,540,-13.32263242375602,535.5,542.25,605,610,5,10.816546762589923,2,0.784172661870506,1,1,0,
279,10:00:00,20230209,578106878,543,-12.841091492776885,538.6,543.6,598,616,18,10.795698924731177,5,0.788530465949823,1,-1,0,
280,10:10:00,20230209,578106878,543,-12.841091492776885,539,544.75,598,616,18,10.821428571428566,0,0.803571428571431,-1,-1,0,
281,10:20:00,20230209,578106878,543,-12.841091492776885,539,545,598,616,18,10.846975088967966,0,0.800711743772244,-1,-1,0,
282,10:30:00,20230209,578106878,543,-12.841091492776885,539,545,598.5,605,6.5,10.87234042553191,0,0.797872340425534,-1,0,0,
283,10:40:00,20230209,578106878,543,-12.841091492776885,539,545,598,626.5,28.5,10.856890459363953,0,0.795053003533571,-1,-1,0,
284,10:50:00,20230209,578106878,543,-12.841091492776885,539,544.4,611,626,15,10.919014084507037,0,0.792253521126763,-1,0,0,
285,11:00:00,20230209,578106878,543,-12.841091492776885,539,545,612,620,8,10.933333333333328,0,0.789473684210529,-1,0,0,
286,11:10:00,20230209,578106878,543,-12.841091492776885,539,545,625,630,5,10.923076923076918,0,0.786713286713289,-1,1,0,
287,11:20:00,20230209,578106878,543,-12.841091492776885,539.2,545,625,630,5,10.902439024390238,0,0.783972125435542,-1,1,0,
288,11:30:00,20230209,578106878,543,-12.841091492776885,540,543.1,625,630,5,10.88194444444444,0,0.781250000000002,-1,1,0,
289,11:40:00,20230209,578106878,539.5,-13.402889245585875,539.7,542.7,625,630,5,10.861591695501724,4,0.77854671280277,1,1,-1,
290,11:50:00,20230209,578106878,539.5,-13.402889245585875,539,543,625,630,5,10.841379310344822,0,0.789655172413795,-1,1,0,
291,12:00:00,20230209,578106878,539.5,-13.402889245585875,539,543,624,630,6,10.821305841924392,0,0.786941580756016,-1,0,0,
292,12:10:00,20230209,578106878,539,-13.48314606741573,537.85,541.45,624,630,6,10.804794520547938,4,0.784246575342468,1,0,0,
293,12:20:00,20230209,578106878,539.5,-13.402889245585875,537.5,541,620.5,630,9.5,10.788395904436854,1,0.795221843003415,0,0,0,
294,12:30:00,20230209,578106878,539.5,-13.402889245585875,537.5,544,620,630,10,10.784013605442171,0,0.795918367346941,-1,0,0,
295,12:40:00,20230209,578106878,539.5,-13.402889245585875,537.9,543,611,630,19,10.781355932203384,0,0.793220338983053,-1,-1,0,
296,12:50:00,20230209,578106878,539.5,-13.402889245585875,538,543,615.5,630,14.5,10.809121621621616,0,0.790540540540543,-1,0,0,
297,13:00:00,20230209,578106878,539.5,-13.402889245585875,538,543,612,630,18,10.821548821548815,0,0.78787878787879,-1,-1,0,
298,13:10:00,20230209,578106878,539.5,-13.402889245585875,538,543,615,630,15,10.84563758389261,0,0.785234899328861,-1,0,0,
299,13:20:00,20230209,578106878,539.5,-13.402889245585875,538,543,622,630,8,10.859531772575243,0,0.782608695652176,-1,0,0,
300,13:30:00,20230209,578106878,539.5,-13.402889245585875,538,543,622,628.5,6.5,10.849999999999993,0,0.780000000000002,-1,0,0,
301,13:40:00,20230209,578106878,539.5,-13.402889245585875,538,543,622,628.5,6.5,10.835548172757468,0,0.777408637873756,-1,0,0,
302,13:50:00,20230209,578106878,539.5,-13.402889245585875,538,543,621.5,628.5,7,10.821192052980125,0,0.774834437086094,-1,0,0,
303,14:00:00,20230209,578106878,539.5,-13.402889245585875,538,541.05,620,628.5,8.5,10.8085808580858,0,0.772277227722774,-1,0,0,
304,14:10:00,20230209,578106878,539.5,-13.402889245585875,538,541,621,628.5,7.5,10.800986842105255,0,0.769736842105265,-1,0,0,
305,14:20:00,20230209,578106878,538,-13.643659711075443,537.5,540.25,620,628.5,8.5,10.790163934426221,1,0.7672131147541,0,0,0,
306,14:30:00,20230209,578106878,538,-13.643659711075443,536,538,615,628.5,13.5,10.782679738562084,0,0.767973856209152,-1,0,0,
307,14:40:00,20230209,578106878,536,-13.964686998394862,535.9,539.15,615,628.5,13.5,10.7915309446254,2,0.765472312703585,1,0,0,
308,14:50:00,20230209,578106878,536,-13.964686998394862,531.85,538.3,613,621.5,8.5,10.800324675324667,0,0.769480519480521,-1,0,0,
309,15:00:00,20230209,578106878,536,-13.964686998394862,530.15,536,613,628.5,15.5,10.792880258899668,0,0.766990291262138,-1,0,0,
