N-term, time, date, conId, Current Price, Changes in Price (%), Time Average Bid, Time Average Ask, Last Bid Price, Last Ask Price, Bid-Ask Spread, Average Bid-Ask Spread, Current Volume, Average Volume, Volume Condition, Bid-Ask Spread Condition, Last Traded Condition, Order
0,09:30:00,20230130,99831145,220.77,0.3545615709804996,219.595,220.042,220.62,220.88,0.2599999999999909,0,23308,0,1,-1,1,
1,09:40:00,20230130,99831145,221.83,0.8364016546206662,221.093,221.417,221.78,222.12,0.3400000000000034,0.2599999999999909,25065,23308,0,0,1,
2,09:50:00,20230130,99831145,220.97,0.4454747943088275,221.283,221.571,220.86,221.11,0.25,0.29999999999999716,19212,24186.5,0,0,-1,
3,10:00:00,20230130,99831145,220.81,0.3727442156461626,221.122,221.353,220.81,221.05,0.2400000000000091,0.28333333333333144,25842,22528.3333333333,0,0,-1,
4,10:10:00,20230130,99831145,220.52,0.24092004182008322,220.683,220.912,220.38,220.62,0.2400000000000091,0.27250000000000085,18927,23356.75,0,0,-1,
5,10:20:00,20230130,99831145,219.98,-0.004545661166425441,220.114,220.331,219.9,220.06,0.1599999999999966,0.2660000000000025,27880,22470.8,0,0,-1,
6,10:30:00,20230130,99831145,219.09,-0.40910950497750154,219.4,219.601,219.08,219.24,0.1599999999999966,0.24833333333333485,45042,23372.3333333333,1,0,-1,
7,10:40:00,20230130,99831145,218.8,-0.5409336788035809,218.524,218.72,218.78,218.94,0.1599999999999966,0.23571428571428654,29494,26468,0,0,1,
8,10:50:00,20230130,99831145,219.4,-0.26819400881858424,218.848,219.023,219.4,219.52,0.12000000000000455,0.22625000000000028,15768,26846.25,0,0,1,
9,11:00:00,20230130,99831145,219.15,-0.38183553797900055,219.309,219.504,219.08,219.22,0.13999999999998636,0.2144444444444452,7207,25615.3333333333,-1,0,-1,
10,11:10:00,20230130,99831145,220.25,0.11818719032682891,219.898,220.089,220.2,220.36,0.160000000000025,0.2069999999999993,19039,23774.5,0,0,1,
11,11:20:00,20230130,99831145,220.83,0.38183553797900055,220.447,220.628,220.82,220.95,0.12999999999999545,0.20272727272727437,7114,23344,-1,0,1,
12,11:30:00,20230130,99831145,220.86,0.39547252147825107,220.852,221.012,220.75,220.91,0.1599999999999966,0.1966666666666678,10782,21991.5,-1,0,0,
13,11:40:00,20230130,99831145,220.46,0.2136460748215823,220.723,220.872,220.34,220.53,0.18999999999999773,0.19384615384615464,6496,21129.2307692308,-1,0,-1,
14,11:50:00,20230130,99831145,221.14,0.522751034137905,220.686,220.839,221.07,221.24,0.17000000000001592,0.19357142857142914,21922,20084,0,0,1,
15,12:00:00,20230130,99831145,220.96,0.44092913314241505,220.829,220.967,220.93,221.05,0.12000000000000455,0.19200000000000159,10660,20206.5333333333,0,0,0,
16,12:10:00,20230130,99831145,220.26,0.12273285149324142,220.567,220.718,220.19,220.35,0.1599999999999966,0.18750000000000178,12186,19609.875,0,0,-1,
17,12:20:00,20230130,99831145,220.61,0.2818309923178347,220.371,220.499,220.53,220.68,0.15000000000000568,0.18588235294117794,11084,19173.1764705882,0,0,1,
18,12:30:00,20230130,99831145,220.2,0.09545888449474045,220.414,220.542,220.15,220.25,0.09999999999999432,0.18388888888889057,10484,18723.7777777777,0,0,-1,
19,12:40:00,20230130,99831145,220.15,0.07273057866266493,220.152,220.283,220.02,220.19,0.1699999999999875,0.17947368421052762,5790,18290.1052631578,-1,0,-1,
20,12:50:00,20230130,99831145,219.76,-0.10455020682759134,219.838,219.968,219.75,219.91,0.1599999999999966,0.1790000000000006,8828,17665.0999999999,-1,0,-1,
21,13:00:00,20230130,99831145,219.46,-0.24092004182008322,219.369,219.534,219.38,219.55,0.17000000000001592,0.17809523809523853,8347,17244.2857142856,-1,0,0,
22,13:10:00,20230130,99831145,220.13,0.06363925632982698,219.782,219.929,220.05,220.17,0.11999999999997613,0.17772727272727384,9506,16839.8636363635,0,0,1,
23,13:20:00,20230130,99831145,220.09,0.04545661166416397,220.063,220.191,220,220.13,0.12999999999999545,0.17521739130434785,6524,16520.9999999999,-1,0,0,
24,13:30:00,20230130,99831145,219.88,-0.0500022728305894,219.7,219.831,219.8,219.94,0.13999999999998636,0.17333333333333317,6457,16104.4583333332,-1,0,1,
25,13:40:00,20230130,99831145,219.82,-0.07727623982909038,219.719,219.85,219.72,219.82,0.09999999999999432,0.17199999999999932,8972,15718.5599999999,0,0,0,
26,13:50:00,20230130,99831145,219.82,-0.07727623982909038,219.719,219.853,219.71,219.86,0.15000000000000568,0.16923076923076838,12963,15459.0769230768,0,0,0,
27,14:00:00,20230130,99831145,219.58,-0.1863721078230813,219.789,219.919,219.5,219.63,0.12999999999999545,0.1685185185185179,18186,15366.6296296295,0,0,-1,
28,14:10:00,20230130,99831145,219.03,-0.4363834719760025,219.226,219.355,218.98,219.12,0.14000000000001478,0.16714285714285637,5069,15467.3214285713,-1,0,-1,
29,14:20:00,20230130,99831145,218.72,-0.5772989681349199,219.012,219.116,218.74,218.86,0.12000000000000455,0.16620689655172388,13923,15108.7586206895,0,0,-1,
30,14:30:00,20230130,99831145,219.1,-0.404563843811089,218.858,218.993,219.01,219.14,0.12999999999999545,0.16466666666666657,7770,15069.2333333332,0,0,1,
31,14:40:00,20230130,99831145,218.72,-0.5772989681349199,218.825,218.958,218.66,218.76,0.09999999999999432,0.16354838709677394,10398,14833.7741935483,0,0,-1,
32,14:50:00,20230130,99831145,219.24,-0.34092458748124915,218.9,218.98,219.19,219.27,0.0800000000000125,0.16156249999999958,24668,14695.1562499999,1,1,1,BUY
33,15:00:00,20230130,99831145,219.22,-0.3500159098140871,219.342,219.445,219.13,219.29,0.1599999999999966,0.15909090909090906,16931,14997.3636363635,0,0,-1,
34,15:10:00,20230130,99831145,219.1,-0.404563843811089,219.098,219.211,219.08,219.18,0.09999999999999432,0.15911764705882342,11540,15054.2352941175,0,0,0,
35,15:20:00,20230130,99831145,218.73,-0.5727533069685073,218.858,218.97,218.68,218.76,0.07999999999998408,0.15742857142857117,13419,14953.8285714284,0,0,-1,
36,15:30:00,20230130,99831145,219.2,-0.359107232146925,218.964,219.071,219.17,219.26,0.09000000000000341,0.1552777777777771,29462,14911.1944444443,1,0,1,
37,15:40:00,20230130,99831145,218.54,-0.6591208691304228,218.709,218.789,218.54,218.66,0.12000000000000455,0.15351351351351294,25868,15304.4594594593,1,0,-1,
38,15:50:00,20230130,99831145,218.01,-0.9000409109505061,218.166,218.225,218.01,218.09,0.0800000000000125,0.15263157894736798,98676,15582.4473684209,1,0,-1,
39,09:30:00,20230131,99831145,219.1,-0.404563843811089,218.637,219.071,218.96,219.21,0.25,0.15076923076923068,45303,17713.0512820511,1,-1,1,
40,09:40:00,20230131,99831145,219.6,-0.17728078549025628,219.154,219.469,219.38,219.68,0.30000000000001137,0.15324999999999991,18746,18402.7999999998,0,-1,1,
41,09:50:00,20230131,99831145,219.87,-0.054547933997001925,219.762,220.032,219.54,220.02,0.4800000000000182,0.15682926829268312,31664,18411.1707317071,1,-1,0,
42,10:00:00,20230131,99831145,220.01,0.00909132233282504,220.128,220.454,219.77,220.08,0.3100000000000023,0.16452380952381015,8819,18726.7142857141,-1,-1,-1,SELL
43,10:10:00,20230131,99831145,220.76,0.35001590981407416,220.309,220.57,220.68,220.92,0.23999999999998067,0.16790697674418673,12010,18496.3023255812,0,0,1,
44,10:20:00,20230131,99831145,220.31,0.14546115732532985,220.418,220.636,220.31,220.52,0.21000000000000796,0.16954545454545478,17181,18348.8863636362,0,0,-1,
45,10:30:00,20230131,99831145,220.73,0.3363789263148237,220.556,220.758,220.8,220.92,0.11999999999997613,0.17044444444444484,5506,18322.9333333332,-1,0,0,
46,10:40:00,20230131,99831145,221.23,0.5636619846356564,220.964,221.146,221.16,221.38,0.21999999999999886,0.1693478260869564,8128,18044.304347826,-1,0,1,
47,10:50:00,20230131,99831145,221.19,0.5454793399699934,221.191,221.364,221.16,221.28,0.12000000000000455,0.17042553191489346,7234,17833.3191489361,-1,0,-1,
48,11:00:00,20230131,99831145,221.51,0.6909404972953233,221.335,221.511,221.46,221.57,0.10999999999998522,0.16937499999999994,11952,17612.4999999999,0,0,0,
49,11:10:00,20230131,99831145,220.67,0.3091049593163227,220.84,221.027,220.56,220.77,0.21000000000000796,0.16816326530612208,7971,17496.9795918366,-1,0,-1,
50,11:20:00,20230131,99831145,220.47,0.21819173598799482,220.467,220.65,220.37,220.57,0.19999999999998863,0.1689999999999998,9403,17306.4599999999,0,0,0,
51,11:30:00,20230131,99831145,220.55,0.2545570253193337,220.554,220.732,220.4,220.62,0.21999999999999886,0.16960784313725447,8048,17151.4901960783,-1,0,-1,
52,11:40:00,20230131,99831145,220.93,0.4272921496431646,220.773,220.948,220.83,221.02,0.18999999999999773,0.17057692307692263,8920,16976.4230769229,0,0,0,
53,11:50:00,20230131,99831145,220.96,0.44092913314241505,220.961,221.143,220.85,221.06,0.21000000000000796,0.1709433962264146,9177,16824.4150943394,0,0,-1,
54,12:00:00,20230131,99831145,220.9,0.41365516614391407,220.512,220.722,220.82,220.98,0.1599999999999966,0.17166666666666633,5964,16682.7962962961,-1,0,1,
55,12:10:00,20230131,99831145,221.34,0.6136642574662459,220.901,221.071,221.26,221.43,0.17000000000001592,0.17145454545454505,13514,16487.9090909089,0,0,1,
56,12:20:00,20230131,99831145,221.26,0.5772989681349069,221.136,221.3,221.13,221.29,0.1599999999999966,0.17142857142857132,9251,16434.8035714284,0,0,0,
57,12:30:00,20230131,99831145,221.08,0.4954770671394169,221.115,221.265,221.01,221.17,0.1599999999999966,0.17122807017543842,7601,16308.7719298244,-1,0,-1,
58,12:40:00,20230131,99831145,221.18,0.5409336788035809,221.237,221.361,221.14,221.31,0.17000000000001592,0.17103448275862046,8455,16158.6379310343,0,0,-1,
59,12:50:00,20230131,99831145,221.29,0.5909359516341574,221.213,221.356,221.25,221.35,0.09999999999999432,0.1710169491525424,9938,16028.06779661,0,0,0,
60,13:00:00,20230131,99831145,221.68,0.7682167371244137,221.467,221.608,221.6,221.77,0.17000000000001592,0.16983333333333325,16803,15926.5666666665,0,0,1,
61,13:10:00,20230131,99831145,221.83,0.8364016546206662,221.677,221.843,221.76,221.9,0.14000000000001478,0.16983606557377068,9341,15940.9344262293,0,0,0,
62,13:20:00,20230131,99831145,221.4,0.6409382244647468,221.437,221.6,221.39,221.52,0.13000000000002387,0.16935483870967785,6179,15834.4838709675,-1,0,-1,
63,13:30:00,20230131,99831145,221.44,0.6591208691304098,221.518,221.659,221.38,221.5,0.12000000000000455,0.16873015873015954,7066,15681.222222222,-1,0,-1,
64,13:40:00,20230131,99831145,221.6,0.7318514477930748,221.521,221.669,221.48,221.62,0.14000000000001478,0.16796875000000086,5803,15546.6093749998,-1,0,0,
65,13:50:00,20230131,99831145,221.88,0.8591299604527416,221.747,221.885,221.88,222,0.12000000000000455,0.16753846153846264,6892,15396.7076923075,-1,0,0,
66,14:00:00,20230131,99831145,222,0.9136778944497435,221.884,222.029,221.87,222.06,0.18999999999999773,0.16681818181818298,10111,15267.8484848483,0,0,0,
67,14:10:00,20230131,99831145,221.41,0.6454838856311593,221.688,221.825,221.41,221.53,0.12000000000000455,0.16716417910447873,12177,15190.8805970147,0,0,-1,
68,14:20:00,20230131,99831145,221.33,0.6091185962998333,221.31,221.443,221.24,221.41,0.1699999999999875,0.16647058823529529,6808,15146.5588235292,-1,0,0,
69,14:30:00,20230131,99831145,221.28,0.5863902904677449,221.19,221.322,221.26,221.35,0.09000000000000341,0.16652173913043575,6980,15025.7101449273,-1,0,0,
70,14:40:00,20230131,99831145,221.31,0.6000272739669954,221.258,221.396,221.23,221.35,0.12000000000000455,0.16542857142857242,13836,14910.7714285712,0,0,0,
71,14:50:00,20230131,99831145,221.19,0.5454793399699934,221.183,221.316,221.13,221.25,0.12000000000000455,0.16478873239436725,14440,14895.6338028167,0,0,0,
72,15:00:00,20230131,99831145,221.23,0.5636619846356564,221.346,221.475,221.17,221.3,0.13000000000002387,0.16416666666666777,12685,14889.3055555554,0,0,-1,
73,15:10:00,20230131,99831145,220.76,0.35001590981407416,221.006,221.139,220.69,220.82,0.12999999999999545,0.1636986301369877,7013,14859.1095890409,-1,0,-1,
74,15:20:00,20230131,99831145,220.92,0.42274648847673907,220.741,220.867,220.92,221.02,0.10000000000002274,0.16324324324324457,10200,14753.0810810809,0,0,1,
75,15:30:00,20230131,99831145,221.56,0.7136688031274118,221.319,221.423,221.55,221.63,0.07999999999998408,0.1624000000000016,15162,14692.3733333332,0,1,1,
76,15:40:00,20230131,99831145,222.37,1.0818673576071618,221.97,222.048,222.3,222.39,0.08999999999997499,0.16131578947368558,30918,14698.5526315788,1,0,1,
77,15:50:00,20230131,99831145,223.42,1.5591617800809028,223.057,223.131,223.39,223.42,0.030000000000001137,0.16038961038961141,190273,14909.1948051947,1,1,1,BUY
78,09:30:00,20230201,99831145,223.14,1.431883267421236,222.317,222.699,223.01,223.26,0.25,0.15871794871794975,28178,17157.4487179486,1,-1,1,
79,09:40:00,20230201,99831145,222.65,1.2091458702668287,222.52,222.756,222.53,222.75,0.21999999999999886,0.15987341772152,25956,17296.9493670885,1,0,0,
80,09:50:00,20230201,99831145,223.57,1.6273466975771553,223.139,223.336,223.47,223.85,0.37999999999999545,0.16062500000000096,47688,17405.1874999999,1,-1,1,
81,10:00:00,20230201,99831145,222.97,1.3546070275921587,222.984,223.314,222.89,223.1,0.21000000000000796,0.16333333333333425,26724,17779.049382716,1,0,-1,
82,10:10:00,20230201,99831145,222.72,1.2409654984317422,222.724,222.92,222.61,222.8,0.18999999999999773,0.16390243902439122,18394,17888.1341463414,0,0,-1,
83,10:20:00,20230201,99831145,222.46,1.1227783081049132,222.54,222.731,222.42,222.59,0.17000000000001592,0.16421686746988046,20657,17894.2289156626,0,0,-1,
84,10:30:00,20230201,99831145,222.46,1.1227783081049132,222.697,222.864,222.38,222.54,0.1599999999999966,0.1642857142857154,25410,17927.119047619,0,0,-1,
85,10:40:00,20230201,99831145,222.57,1.1727805809354899,222.505,222.656,222.54,222.65,0.11000000000001364,0.1642352941176481,42822,18015.1529411764,1,0,0,
86,10:50:00,20230201,99831145,221.99,0.909132233283331,222.119,222.263,221.95,222.03,0.0800000000000125,0.16360465116279188,29158,18303.6046511627,1,1,-1,
87,11:00:00,20230201,99831145,221.65,0.7545797536251632,221.858,221.977,221.59,221.73,0.13999999999998636,0.16264367816092085,23094,18428.3678160919,0,0,-1,
88,11:10:00,20230201,99831145,221.3,0.5954816128005829,221.456,221.561,221.22,221.37,0.15000000000000568,0.16238636363636477,18951,18481.3863636363,0,0,-1,
89,11:20:00,20230201,99831145,221.58,0.7227601254602497,221.653,221.761,221.52,221.67,0.14999999999997726,0.16224719101123714,18848,18486.6629213483,0,0,-1,
90,11:30:00,20230201,99831145,222.62,1.1955088867675783,222.183,222.277,222.57,222.67,0.09999999999999432,0.16211111111111204,24071,18490.6777777778,0,0,1,
91,11:40:00,20230201,99831145,222.74,1.2500568207645801,222.604,222.697,222.67,222.74,0.0700000000000216,0.16142857142857228,17132,18552,0,1,1,
92,11:50:00,20230201,99831145,222.73,1.2455111595981547,222.746,222.836,222.69,222.84,0.15000000000000568,0.16043478260869673,22257,18536.5652173913,0,0,-1,
93,12:00:00,20230201,99831145,222.92,1.3318787217600703,222.756,222.852,222.89,222.96,0.0700000000000216,0.16032258064516242,15991,18576.5698924731,0,1,1,
94,12:10:00,20230201,99831145,222.91,1.3273330605936577,223.025,223.12,222.9,222.99,0.09000000000000341,0.1593617021276609,23470,18549.0638297872,0,0,-1,
95,12:20:00,20230201,99831145,223.3,1.5046138460839138,223.016,223.101,223.27,223.33,0.060000000000002274,0.15863157894736976,21813,18600.8631578947,0,1,1,
96,12:30:00,20230201,99831145,223.43,1.5637074412473282,223.227,223.306,223.38,223.47,0.09000000000000341,0.15760416666666802,28323,18634.3229166666,1,0,1,
97,12:40:00,20230201,99831145,223.21,1.4637028955861624,223.388,223.465,223.17,223.25,0.0800000000000125,0.15690721649484674,25650,18734.2061855669,0,0,-1,
98,12:50:00,20230201,99831145,223.02,1.377335333424247,223.124,223.208,222.99,223.06,0.06999999999999318,0.15612244897959332,27513,18804.775510204,0,1,-1,
99,13:00:00,20230201,99831145,223.02,1.377335333424247,222.911,223.001,223.02,223.1,0.07999999999998408,0.15525252525252664,16977,18892.7373737373,0,0,1,
100,13:10:00,20230201,99831145,222.36,1.0773216964407493,222.729,222.829,222.32,222.45,0.12999999999999545,0.1545000000000012,17042,18873.5799999999,0,0,-1,
101,13:20:00,20230201,99831145,222.96,1.3500613664257461,222.601,222.696,222.92,223,0.0800000000000125,0.1542574257425754,41563,18855.4455445544,1,0,1,
102,13:30:00,20230201,99831145,223,1.3682440110914091,223.001,223.08,222.97,223,0.030000000000001137,0.15352941176470714,42876,19078.0686274509,1,1,-1,
103,13:40:00,20230201,99831145,222.86,1.304604754761582,222.992,223.069,222.83,222.91,0.07999999999998408,0.1523300970873799,48246,19309.1165048543,1,0,-1,
104,13:50:00,20230201,99831145,222.5,1.1409609527705762,222.695,222.792,222.13,222.83,0.700000000000017,0.15163461538461648,36110,19587.3557692307,1,-1,-1,
105,14:00:00,20230201,99831145,223.89,1.772807854902485,222.986,223.209,223.75,223.87,0.12000000000000455,0.15685714285714408,106535,19744.7142857142,1,0,1,
106,14:10:00,20230201,99831145,224.17,1.900086367562152,223.837,223.973,224.18,224.33,0.15000000000000568,0.1565094339622654,76728,20563.4905660376,1,0,1,
107,14:20:00,20230201,99831145,223.6,1.6409836810764058,223.784,223.909,223.59,223.71,0.12000000000000455,0.15644859813084241,22580,21088.3925233644,0,0,-1,
108,14:30:00,20230201,99831145,224.99,2.2728305832083273,223.176,223.369,224.87,225.09,0.21999999999999886,0.15611111111111242,43777,21102.2037037036,1,0,1,
109,14:40:00,20230201,99831145,225.96,2.7137597163507428,225.65,225.883,225.7,226,0.30000000000001137,0.1566972477064233,71609,21310.2293577981,1,-1,1,
110,14:50:00,20230201,99831145,226.01,2.7364880221828183,226.091,226.27,225.97,226.1,0.12999999999999545,0.15800000000000136,25866,21767.4909090908,0,0,-1,
111,15:00:00,20230201,99831145,227.48,3.4047002136460662,226.86,227.023,227.47,227.59,0.12000000000000455,0.15774774774774905,33175,21804.4144144143,1,0,1,
112,15:10:00,20230201,99831145,227.25,3.300150006818488,227.099,227.223,227.24,227.32,0.07999999999998408,0.15741071428571562,44623,21905.9374999999,1,0,1,
113,15:20:00,20230201,99831145,227.5,3.4137915359789037,227.141,227.226,227.45,227.58,0.13000000000002387,0.15672566371681534,53111,22106.9734513273,1,0,1,
114,15:30:00,20230201,99831145,228.44,3.8410836856220683,228.11,228.19,228.44,228.5,0.060000000000002274,0.15649122807017682,68979,22378.9385964911,1,1,1,BUY
115,15:40:00,20230201,99831145,227.62,3.4683394699759056,228.225,228.31,227.58,227.8,0.21999999999999886,0.15565217391304487,53978,22784.156521739,1,0,-1,
116,15:50:00,20230201,99831145,227.16,3.259239056320736,227.035,227.107,227.14,227.16,0.020000000000010232,0.15620689655172548,136917,23053.0689655171,1,1,1,BUY
117,09:30:00,20230202,99831145,232.5,5.6866221191872315,231.293,231.844,232.32,232.82,0.5,0.15504273504273647,75500,24026.2649572648,1,-1,1,
118,09:40:00,20230202,99831145,232.69,5.772989681349147,232.084,232.418,232.45,232.68,0.2300000000000182,0.15796610169491665,48127,24462.4830508473,1,0,1,
119,09:50:00,20230202,99831145,232.79,5.818446293013311,232.504,232.759,232.69,232.83,0.14000000000001478,0.1585714285714301,29072,24661.344537815,0,0,1,
120,10:00:00,20230202,99831145,232.83,5.836628937678986,232.376,232.706,232.62,232.83,0.21000000000000796,0.15841666666666832,49716,24698.0999999999,1,0,1,
121,10:10:00,20230202,99831145,233.53,6.154825219328147,232.651,232.887,233.39,233.61,0.22000000000002728,0.15884297520661328,38217,24904.8595041321,1,0,1,
122,10:20:00,20230202,99831145,233.81,6.282103731987815,233.226,233.45,233.6,233.92,0.3199999999999932,0.1593442622950839,72712,25013.9754098359,1,-1,1,
123,10:30:00,20230202,99831145,234.5,6.595754352470562,234.203,234.393,234.3,234.54,0.23999999999998067,0.1606504065040669,19267,25401.7642276421,0,0,1,
124,10:40:00,20230202,99831145,235.08,6.859402700122734,234.725,234.945,234.98,235.24,0.2600000000000193,0.16129032258064685,42695,25352.2903225805,1,-1,1,
125,10:50:00,20230202,99831145,234.47,6.5821173689713115,234.789,235.001,234.37,234.56,0.18999999999999773,0.16208000000000183,28719,25491.0319999999,0,0,-1,
126,11:00:00,20230202,99831145,233.99,6.3639256329833165,234.04,234.222,233.83,234.01,0.1799999999999784,0.1623015873015891,16496,25516.6507936507,0,0,-1,
127,11:10:00,20230202,99831145,233.31,6.054820673666981,233.733,233.876,233.3,233.49,0.18999999999999773,0.16244094488189137,21176,25445.622047244,0,0,-1,
128,11:20:00,20230202,99831145,232.76,5.80480930951406,233.149,233.295,232.71,232.81,0.09999999999999432,0.16265625000000158,40782,25412.2656249999,1,0,-1,
129,11:30:00,20230202,99831145,233.14,5.977544433837891,232.962,233.101,233.09,233.26,0.1699999999999875,0.16217054263566044,31853,25531.4108527131,0,0,1,
130,11:40:00,20230202,99831145,233.07,5.9457248056729775,232.905,233.08,233.05,233.13,0.07999999999998408,0.16223076923077065,20043,25580.0384615384,0,1,0,
131,11:50:00,20230202,99831145,231.85,5.391154143370146,232.503,232.663,231.7,231.86,0.160000000000025,0.1616030534351158,20021,25537.7709923664,0,0,-1,
132,12:00:00,20230202,99831145,231.55,5.254784308377655,231.803,231.95,231.55,231.66,0.10999999999998522,0.1615909090909106,37930,25495.9772727273,0,0,-1,
133,12:10:00,20230202,99831145,231.51,5.236601663711978,231.437,231.581,231.43,231.58,0.15000000000000568,0.16120300751879837,39348,25589.4661654136,1,0,0,
134,12:20:00,20230202,99831145,231.37,5.172962407382151,231.721,231.871,231.28,231.43,0.15000000000000568,0.16111940298507604,12461,25692.1417910448,-1,0,-1,
135,12:30:00,20230202,99831145,231.08,5.041138233556072,231.154,231.296,231.02,231.17,0.14999999999997726,0.16103703703703848,17709,25594.1333333334,0,0,-1,
136,12:40:00,20230202,99831145,230.11,4.6002091004136565,230.689,230.829,230.14,230.28,0.14000000000001478,0.16095588235294245,14777,25536.1544117648,0,0,-1,
137,12:50:00,20230202,99831145,230.56,4.8047638529024015,230.449,230.607,230.49,230.64,0.14999999999997726,0.16080291970803057,12033,25457.6204379563,-1,0,0,
138,13:00:00,20230202,99831145,230.35,4.709304968407648,230.75,230.91,230.28,230.5,0.21999999999999886,0.1607246376811606,9663,25360.3405797102,-1,0,-1,
139,13:10:00,20230202,99831145,230.15,4.61839174507932,230.315,230.458,230.09,230.28,0.18999999999999773,0.1611510791366918,11357,25247.4100719425,-1,0,-1,
140,13:20:00,20230202,99831145,228.99,4.09109504977499,229.607,229.743,228.93,229.06,0.12999999999999545,0.16135714285714398,22953,25148.1928571429,0,0,-1,
141,13:30:00,20230202,99831145,228.81,4.009273148779487,229.006,229.15,228.76,228.88,0.12000000000000455,0.1611347517730507,37979,25132.6241134752,1,0,-1,
142,13:40:00,20230202,99831145,228.58,3.904722941951908,228.78,228.914,228.48,228.64,0.1599999999999966,0.1608450704225363,34406,25223.0915492958,0,0,-1,
143,13:50:00,20230202,99831145,228.63,3.927451247783984,228.439,228.564,228.57,228.67,0.09999999999999432,0.1608391608391619,15959,25287.3076923077,0,0,1,
144,14:00:00,20230202,99831145,227.88,3.586526660302735,228.4,228.524,227.8,227.95,0.14999999999997726,0.16041666666666768,28009,25222.5277777778,0,0,-1,
145,14:10:00,20230202,99831145,226.87,3.1274148824946564,227.208,227.352,226.82,226.91,0.09000000000000341,0.16034482758620774,44205,25241.7448275862,1,0,-1,
146,14:20:00,20230202,99831145,226.48,2.9501340970044003,226.641,226.79,226.37,226.59,0.21999999999999886,0.15986301369863098,18800,25371.6301369863,0,0,-1,
147,14:30:00,20230202,99831145,226.28,2.8592208736760725,226.091,226.272,226.12,226.39,0.2699999999999818,0.16027210884353826,29182,25326.925170068,0,-1,1,
148,14:40:00,20230202,99831145,226.8,3.0955952543297434,226.437,226.635,226.7,226.8,0.10000000000002274,0.16101351351351423,20597,25352.9729729729,0,0,1,
149,14:50:00,20230202,99831145,226.49,2.9546797581708257,226.808,226.979,226.49,226.67,0.1799999999999784,0.16060402684563846,20540,25321.0536912751,0,0,-1,
150,15:00:00,20230202,99831145,226.09,2.772853311514157,226.348,226.525,225.99,226.22,0.22999999999998977,0.16073333333333406,23549,25289.1799999999,0,0,-1,
151,15:10:00,20230202,99831145,226.43,2.927405791172325,226.283,226.438,226.41,226.53,0.12000000000000455,0.1611920529801331,26658,25277.655629139,0,0,0,
152,15:20:00,20230202,99831145,226.68,3.041047320332741,226.684,226.833,226.63,226.73,0.09999999999999432,0.1609210526315796,31740,25286.7368421052,0,0,-1,
153,15:30:00,20230202,99831145,226.53,2.9728624028364887,226.636,226.741,226.48,226.58,0.10000000000002274,0.1605228758169941,30970,25328.9150326797,0,0,-1,
154,15:40:00,20230202,99831145,225.93,2.7001227328514923,226.008,226.118,225.93,226.02,0.09000000000000341,0.1601298701298709,54478,25365.5454545454,1,0,-1,
155,15:50:00,20230202,99831145,227.42,3.377426246647565,226.656,226.728,227.35,227.42,0.06999999999999318,0.15967741935483948,134109,25553.3677419354,1,1,1,BUY
156,09:30:00,20230203,99831145,224.3,1.9591799627255793,223.703,224.287,224.12,224.75,0.6299999999999955,0.15910256410256482,115232,26249.2371794871,1,-1,1,
157,09:40:00,20230203,99831145,222.67,1.2182371925996538,224.129,224.512,222.52,222.97,0.44999999999998863,0.16210191082802616,61921,26816.0063694267,1,-1,-1,
158,09:50:00,20230203,99831145,222.34,1.0682303741079113,222.236,222.578,221.99,222.68,0.6899999999999977,0.16392405063291202,28964,27038.1898734177,0,-1,0,
159,10:00:00,20230203,99831145,220.15,0.07273057866266493,220.489,220.871,220.08,220.21,0.12999999999999545,0.16723270440251634,57339,27050.3018867924,1,0,-1,
160,10:10:00,20230203,99831145,221.34,0.6136642574662459,221.331,221.581,221.19,221.49,0.30000000000001137,0.16700000000000056,42204,27239.60625,1,-1,0,
161,10:20:00,20230203,99831145,220.77,0.3545615709804996,221.157,221.412,220.59,220.93,0.3400000000000034,0.16782608695652237,17649,27332.5527950311,0,-1,-1,
162,10:30:00,20230203,99831145,221.21,0.5545706623028314,220.888,221.12,221.18,221.3,0.12000000000000455,0.16888888888888953,22759,27272.7777777778,0,0,1,
163,10:40:00,20230203,99831145,220.5,0.2318287194872453,221.091,221.32,220.43,220.65,0.21999999999999886,0.1685889570552154,18789,27245.0858895706,0,0,-1,
164,10:50:00,20230203,99831145,219.88,-0.0500022728305894,219.747,219.941,219.7,219.89,0.18999999999999773,0.16890243902439092,23904,27193.524390244,0,0,0,
165,11:00:00,20230203,99831145,220.11,0.054547933997001925,219.9,220.059,220.01,220.2,0.18999999999999773,0.16903030303030367,36458,27173.587878788,0,0,1,
166,11:10:00,20230203,99831145,219.51,-0.2181917359880077,219.861,220.016,219.46,219.61,0.15000000000000568,0.1691566265060247,27793,27229.5180722893,0,0,-1,
167,11:20:00,20230203,99831145,220.09,0.04545661166416397,219.737,219.893,219.98,220.2,0.21999999999999886,0.16904191616766528,17808,27232.892215569,0,0,1,
168,11:30:00,20230203,99831145,220.19,0.09091322332832794,220.49,220.68,220.15,220.36,0.21000000000000796,0.16934523809523871,18697,27176.7916666668,0,0,-1,
169,11:40:00,20230203,99831145,219.79,-0.09091322332834086,220.15,220.338,219.59,219.82,0.22999999999998977,0.1695857988165687,32378,27126.6153846155,0,0,-1,
170,11:50:00,20230203,99831145,219.29,-0.31819628164917363,219.593,219.773,219.12,219.29,0.1699999999999875,0.16994117647058885,11863,27157.5058823531,-1,0,-1,
171,12:00:00,20230203,99831145,219.79,-0.09091322332834086,219.464,219.643,219.69,219.82,0.12999999999999545,0.16994152046783678,15404,27068.0643274855,0,0,1,
172,12:10:00,20230203,99831145,220.59,0.2727396699849967,220.158,220.322,220.51,220.69,0.18000000000000682,0.16970930232558187,12024,27000.2500000001,-1,0,1,
173,12:20:00,20230203,99831145,220.86,0.39547252147825107,220.679,220.855,220.71,220.88,0.1699999999999875,0.16976878612716814,21670,26913.682080925,0,0,1,
174,12:30:00,20230203,99831145,220.8,0.3681985544797501,220.83,220.972,220.76,220.9,0.14000000000001478,0.16977011494252917,15571,26883.5459770116,0,0,-1,
175,12:40:00,20230203,99831145,220.58,0.26819400881858424,220.858,221.002,220.53,220.63,0.09999999999999432,0.1696000000000005,11537,26818.902857143,-1,0,-1,
176,12:50:00,20230203,99831145,220.07,0.036365289331326,220.379,220.554,219.91,220.14,0.22999999999998977,0.1692045454545459,12165,26732.0738636365,-1,0,-1,
177,13:00:00,20230203,99831145,219.42,-0.2591026864857592,219.686,219.872,219.35,219.5,0.15000000000000568,0.16954802259887045,10888,26649.7740112996,-1,0,-1,
178,13:10:00,20230203,99831145,219.33,-0.3000136369834977,219.174,219.311,219.19,219.31,0.12000000000000455,0.16943820224719144,9690,26561.2247191013,-1,0,1,
179,13:20:00,20230203,99831145,218.85,-0.5182053729715054,218.924,219.069,218.82,218.94,0.12000000000000455,0.1691620111731848,17335,26466.9720670393,0,0,-1,
180,13:30:00,20230203,99831145,218.91,-0.49093140597300444,218.752,218.878,218.96,219.1,0.13999999999998636,0.16888888888888937,15619,26416.2388888891,0,0,1,
181,13:40:00,20230203,99831145,218.62,-0.6227555797990838,218.436,218.571,218.55,218.7,0.14999999999997726,0.1687292817679562,17812,26356.5856353593,0,0,1,
182,13:50:00,20230203,99831145,218.89,-0.5000227283058424,218.769,218.907,218.8,218.9,0.09999999999999432,0.16862637362637392,15223,26309.6373626375,0,0,0,
183,14:00:00,20230203,99831145,218.49,-0.6818491749624983,218.602,218.724,218.41,218.56,0.15000000000000568,0.16825136612021882,40661,26249.0546448089,1,0,-1,
184,14:10:00,20230203,99831145,218.41,-0.7182144642938372,218.464,218.593,218.36,218.46,0.09999999999999432,0.16815217391304377,26471,26327.3804347828,0,0,-1,
185,14:20:00,20230203,99831145,219.07,-0.4182008273103395,218.572,218.721,218.99,219.15,0.1599999999999966,0.16778378378378403,25759,26328.1567567569,0,0,1,
186,14:30:00,20230203,99831145,220.05,0.027273966998500963,219.153,219.33,219.9,220.06,0.1599999999999966,0.1677419354838712,22111,26325.0967741937,0,0,1,
187,14:40:00,20230203,99831145,220.38,0.17728078549024334,219.823,219.972,220.29,220.41,0.12000000000000455,0.1677005347593585,17728,26302.5614973264,0,0,1,
188,14:50:00,20230203,99831145,219.58,-0.1863721078230813,219.719,219.865,219.57,219.66,0.09000000000000341,0.16744680851063853,23413,26256.9521276598,0,0,-1,
189,15:00:00,20230203,99831145,219.83,-0.07273057866266493,219.456,219.58,219.78,219.88,0.09999999999999432,0.1670370370370373,26798,26241.904761905,0,0,1,
190,15:10:00,20230203,99831145,220.37,0.1727351243238308,219.993,220.129,220.31,220.47,0.1599999999999966,0.16668421052631602,30110,26244.8315789476,0,0,1,
191,15:20:00,20230203,99831145,220.39,0.18182644665665587,220.429,220.561,220.25,220.43,0.18000000000000682,0.16664921465968607,23748,26265.0680628275,0,0,-1,
192,15:30:00,20230203,99831145,220.5,0.2318287194872453,220.571,220.671,220.45,220.55,0.10000000000002274,0.16671875000000025,46332,26251.9583333336,1,0,-1,
193,15:40:00,20230203,99831145,220.8,0.3681985544797501,220.899,220.981,220.77,220.86,0.09000000000000341,0.166373056994819,136287,26356.0000000003,1,0,-1,
194,15:50:00,20230203,99831145,222.06,0.9409518614482445,221.809,221.885,222.04,222.09,0.05000000000001137,0.16597938144329932,210784,26922.6546391756,1,1,1,BUY
195,09:30:00,20230206,99831145,217.83,-0.981862811945996,218.397,218.9,217.83,218.09,0.2599999999999909,0.1653846153846158,93717,27865.5333333337,1,-1,-1,
196,09:40:00,20230206,99831145,217.5,-1.1318696304377514,217.084,217.415,217.41,217.71,0.30000000000001137,0.1658673469387759,29517,28201.510204082,0,-1,1,
197,09:50:00,20230206,99831145,219.51,-0.2181917359880077,218.569,218.89,219.26,219.75,0.4900000000000091,0.16654822335025424,26169,28208.1878172592,0,-1,1,
198,10:00:00,20230206,99831145,219.38,-0.2772853311514222,219.24,219.496,219.22,219.49,0.27000000000001023,0.16818181818181865,13294,28197.8888888892,-1,-1,0,
199,10:10:00,20230206,99831145,218.77,-0.5545706623028314,218.573,218.777,218.54,218.79,0.25,0.16869346733668394,20778,28122.9949748747,0,0,0,
200,10:20:00,20230206,99831145,219.3,-0.31365062048274817,219.094,219.31,219.23,219.45,0.21999999999999886,0.16910000000000053,27857,28086.2700000003,0,0,0,
201,10:30:00,20230206,99831145,219.93,-0.027273966998500963,219.578,219.759,219.8,219.99,0.18999999999999773,0.1693532338308463,17581,28085.1293532341,0,0,1,
202,10:40:00,20230206,99831145,219.82,-0.07727623982909038,219.692,219.901,219.65,219.87,0.21999999999999886,0.169455445544555,17008,28033.1287128716,0,0,0,
203,10:50:00,20230206,99831145,221.18,0.5409336788035809,220.525,220.769,221.01,221.18,0.17000000000001592,0.1697044334975375,10043,27978.8177339905,-1,0,1,
204,11:00:00,20230206,99831145,220.77,0.3545615709804996,221.078,221.248,220.52,220.82,0.29999999999998295,0.1697058823529418,23402,27890.8970588239,0,-1,-1,
205,11:10:00,20230206,99831145,221.01,0.4636574389744906,220.544,220.721,220.79,221.01,0.21999999999999886,0.1703414634146347,22590,27869.0000000004,0,0,1,
206,11:20:00,20230206,99831145,220.93,0.4272921496431646,220.806,220.969,220.91,221.11,0.20000000000001705,0.1705825242718452,11564,27843.3737864082,-1,0,0,
207,11:30:00,20230206,99831145,220.84,0.3863811991454131,220.723,220.893,220.76,220.93,0.17000000000001592,0.17072463768116006,12445,27764.7294685995,-1,0,0,
208,11:40:00,20230206,99831145,220.58,0.26819400881858424,220.521,220.671,220.52,220.63,0.10999999999998522,0.17072115384615455,16495,27691.0769230774,0,0,0,
209,11:50:00,20230206,99831145,220.23,0.10909586799399094,220.411,220.535,220.16,220.3,0.14000000000001478,0.17043062200957002,28172,27637.507177034,0,0,-1,
210,12:00:00,20230206,99831145,220.82,0.37728987681257514,220.587,220.771,220.7,220.93,0.2300000000000182,0.17028571428571498,29132,27640.0523809529,0,0,1,
211,12:10:00,20230206,99831145,220.07,0.036365289331326,220.409,220.611,219.96,220.11,0.15000000000000568,0.1705687203791477,17464,27647.1232227493,0,0,-1,
212,12:20:00,20230206,99831145,220.22,0.10455020682757842,220.225,220.397,220.15,220.24,0.09000000000000341,0.17047169811320834,11811,27599.089622642,-1,0,-1,
213,12:30:00,20230206,99831145,220.36,0.1681894631574183,220.294,220.454,220.36,220.53,0.1699999999999875,0.17009389671361583,13965,27524.9671361507,0,0,0,
214,12:40:00,20230206,99831145,220.41,0.19091776898949384,220.517,220.681,220.22,220.47,0.25,0.170093457943926,8965,27461.6028037388,-1,0,-1,
215,12:50:00,20230206,99831145,219.77,-0.1000045456611659,219.971,220.137,219.65,219.86,0.21000000000000796,0.17046511627907052,12633,27375.5720930237,-1,0,-1,
216,13:00:00,20230206,99831145,220.11,0.054547933997001925,219.55,219.728,220.04,220.17,0.12999999999999545,0.17064814814814894,16777,27307.3194444449,0,0,1,
217,13:10:00,20230206,99831145,219.86,-0.059093595163414454,219.731,219.915,219.81,219.91,0.09999999999999432,0.17046082949308833,13583,27258.7926267286,-1,0,0,
218,13:20:00,20230206,99831145,219.75,-0.10909586799400385,219.83,219.982,219.65,219.83,0.18000000000000682,0.17013761467889985,32778,27196.059633028,0,0,-1,
219,13:30:00,20230206,99831145,219.96,-0.013636983499250481,219.681,219.834,219.9,220.06,0.1599999999999966,0.17018264840182729,40195,27221.547945206,0,0,1,
220,13:40:00,20230206,99831145,219.51,-0.2181917359880077,219.578,219.74,219.46,219.62,0.1599999999999966,0.17013636363636442,17313,27280.5181818187,0,0,-1,
221,13:50:00,20230206,99831145,220.11,0.054547933997001925,219.811,219.96,220.02,220.19,0.1699999999999875,0.17009049773755733,29566,27235.4162895933,0,0,1,
222,14:00:00,20230206,99831145,220.73,0.3363789263148237,220.36,220.522,220.61,220.8,0.18999999999999773,0.1700900900900908,22417,27245.914414415,0,0,1,
223,14:10:00,20230206,99831145,220.96,0.44092913314241505,220.909,221.066,220.77,220.95,0.1799999999999784,0.1701793721973101,17343,27224.2600896867,0,0,0,
224,14:20:00,20230206,99831145,220.93,0.4272921496431646,220.892,221.048,220.86,220.99,0.12999999999999545,0.17022321428571485,31341,27180.1473214292,0,0,0,
225,14:30:00,20230206,99831145,221.13,0.5182053729714925,221.006,221.142,221.06,221.18,0.12000000000000455,0.170044444444445,26345,27198.6400000006,0,0,0,
226,14:40:00,20230206,99831145,220.73,0.3363789263148237,220.902,221.033,220.65,220.77,0.12000000000000455,0.16982300884955812,15560,27194.862831859,0,0,-1,
227,14:50:00,20230206,99831145,221.48,0.6773035137960728,220.881,221.015,221.42,221.53,0.11000000000001364,0.1696035242290755,29429,27143.607929516,0,0,1,
228,15:00:00,20230206,99831145,221.33,0.6091185962998333,221.133,221.263,221.27,221.39,0.11999999999997613,0.16934210526315854,16758,27153.631578948,0,0,1,
229,15:10:00,20230206,99831145,221.04,0.47729442247374104,220.9,221.009,220.99,221.09,0.09999999999999432,0.1691266375545857,42414,27108.2358078609,1,0,1,
230,15:20:00,20230206,99831145,220.58,0.26819400881858424,220.721,220.832,220.49,220.62,0.12999999999999545,0.16882608695652226,43334,27174.7826086963,1,0,-1,
231,15:30:00,20230206,99831145,220.4,0.1863721078230813,220.536,220.635,220.33,220.45,0.11999999999997613,0.16865800865800917,63590,27244.7359307366,1,0,-1,
232,15:40:00,20230206,99831145,220.08,0.040910950497751446,220.147,220.249,220.01,220.15,0.14000000000001478,0.1684482758620694,63878,27401.3965517248,1,0,-1,
233,15:50:00,20230206,99831145,220.53,0.24546570298649575,220.321,220.415,220.54,220.59,0.05000000000001137,0.16832618025751123,130478,27557.9484978547,1,1,1,BUY
234,09:30:00,20230207,99831145,217.85,-0.972771489613171,217.767,218.424,217.63,217.92,0.28999999999999204,0.16782051282051336,33613,27997.7777777784,0,-1,0,
235,09:40:00,20230207,99831145,217.62,-1.0773216964407493,217.484,217.84,217.5,217.74,0.2400000000000091,0.1683404255319154,9379,28021.6723404262,-1,0,0,
236,09:50:00,20230207,99831145,217.11,-1.3091504159279945,217.002,217.305,216.9,217.23,0.3299999999999841,0.1686440677966107,16403,27942.6779661024,0,-1,0,
237,10:00:00,20230207,99831145,216.35,-1.6546206645756691,216.739,216.946,216.25,216.47,0.21999999999999886,0.1693248945147684,26688,27893.9873417729,0,0,-1,
238,10:10:00,20230207,99831145,216.4,-1.6318923587435807,216.277,216.512,216.25,216.52,0.27000000000001023,0.1695378151260509,39342,27888.920168068,0,-1,0,
239,10:20:00,20230207,99831145,216.08,-1.7773535160689105,216.24,216.446,216,216.18,0.18000000000000682,0.16995815899581643,20769,27936.8410041849,0,0,-1,
240,10:30:00,20230207,99831145,215.85,-1.881903722896502,215.976,216.189,215.82,216.02,0.20000000000001705,0.17000000000000057,27844,27906.9750000008,0,0,-1,
241,10:40:00,20230207,99831145,216.03,-1.8000818219009989,216.066,216.271,215.94,216.12,0.18000000000000682,0.17012448132780147,19583,27906.7136929469,0,0,-1,
242,10:50:00,20230207,99831145,217.04,-1.340970044092921,216.733,216.995,216.9,217.07,0.1699999999999875,0.170165289256199,19730,27872.318181819,0,0,1,
243,11:00:00,20230207,99831145,216.96,-1.377335333424247,216.737,216.982,216.91,217.08,0.17000000000001592,0.17016460905349853,8766,27838.8106995893,-1,0,0,
244,11:10:00,20230207,99831145,216.99,-1.3636983499249966,216.749,216.956,216.87,217.12,0.25,0.17016393442623015,10325,27760.6434426238,-1,0,1,
245,11:20:00,20230207,99831145,216.64,-1.52279649074959,216.751,216.938,216.54,216.74,0.20000000000001705,0.170489795918368,20807,27689.4775510213,0,0,-1,
246,11:30:00,20230207,99831145,216.84,-1.431883267421249,216.694,216.901,216.77,216.91,0.13999999999998636,0.17060975609756168,12118,27661.5000000009,-1,0,0,
247,11:40:00,20230207,99831145,216.95,-1.3818809945906725,216.822,217.029,216.87,217.05,0.18000000000000682,0.17048582995951483,19760,27598.5708502033,0,0,0,
248,11:50:00,20230207,99831145,216.68,-1.5046138460839138,216.699,216.862,216.63,216.8,0.17000000000001592,0.1705241935483878,9155,27566.9637096783,-1,0,-1,
249,12:00:00,20230207,99831145,216.79,-1.4546115732533373,216.725,216.863,216.74,216.84,0.09999999999999432,0.1705220883534144,12757,27493.0200803222,-1,0,0,
250,12:10:00,20230207,99831145,216.49,-1.5909814082458291,216.438,216.58,216.4,216.58,0.18000000000000682,0.17024000000000072,18213,27434.0760000009,0,0,0,
251,12:20:00,20230207,99831145,216.16,-1.7409882267375845,216.196,216.336,216.1,216.21,0.11000000000001364,0.17027888446215214,13503,27397.3386454192,-1,0,-1,
252,12:30:00,20230207,99831145,216.27,-1.6909859539069951,216.145,216.295,216.12,216.3,0.18000000000000682,0.17003968253968332,12467,27342.2023809532,-1,0,0,
253,12:40:00,20230207,99831145,217.9,-0.9500431837810824,216.861,217.166,217.71,218.08,0.37000000000000455,0.17007905138340002,39235,27283.4071146253,0,-1,1,
254,12:50:00,20230207,99831145,218.21,-0.809127687622165,217.909,218.224,218.07,218.35,0.28000000000000114,0.1708661417322843,18464,27330.4606299221,0,-1,0,
255,13:00:00,20230207,99831145,219.26,-0.3318332651484241,218.83,219.117,219.17,219.43,0.2600000000000193,0.17129411764705965,19352,27295.6901960793,0,-1,1,
256,13:10:00,20230207,99831145,218.53,-0.6636665302968353,218.667,218.96,218.47,218.82,0.3499999999999943,0.1716406250000009,24555,27264.6601562509,0,-1,-1,
257,13:20:00,20230207,99831145,217.22,-1.259148143097418,218.017,218.265,217.16,217.34,0.18000000000000682,0.17233463035019542,28643,27254.1167315184,0,0,-1,
258,13:30:00,20230207,99831145,216.39,-1.6364380199100061,216.34,216.588,216.29,216.48,0.18999999999999773,0.1723643410852722,40865,27259.5000000009,0,0,0,
259,13:40:00,20230207,99831145,216.14,-1.7500795490704226,216.61,216.832,216.08,216.2,0.11999999999997613,0.1724324324324333,14264,27312.0308880318,0,0,-1,
260,13:50:00,20230207,99831145,216.17,-1.736442565571172,216.125,216.341,216.15,216.35,0.19999999999998863,0.17223076923077002,15504,27261.8461538471,0,0,0,
261,14:00:00,20230207,99831145,217.56,-1.1045956634392502,216.777,217.044,217.39,217.72,0.3300000000000125,0.17233716475095862,22038,27216.7969348668,0,-1,1,
262,14:10:00,20230207,99831145,217.45,-1.1545979362698398,217.355,217.584,217.45,217.63,0.18000000000000682,0.17293893129771074,31554,27197.030534352,0,0,0,
263,14:20:00,20230207,99831145,217.65,-1.0636847129414988,217.495,217.727,217.47,217.65,0.18000000000000682,0.17296577946768144,16810,27213.5969581758,0,0,0,
264,14:30:00,20230207,99831145,218.24,-0.7954907041229146,218.015,218.206,218.17,218.32,0.15000000000000568,0.17299242424242509,13820,27174.1893939403,0,0,1,
265,14:40:00,20230207,99831145,218.38,-0.7318514477930878,218.154,218.335,218.23,218.45,0.21999999999999886,0.17290566037735935,12950,27123.796226416,-1,0,1,
266,14:50:00,20230207,99831145,218.58,-0.6409382244647468,218.392,218.574,218.51,218.64,0.12999999999999545,0.17308270676691814,12880,27070.5112781964,-1,0,1,
267,15:00:00,20230207,99831145,218.07,-0.872766943952005,218.423,218.595,218.03,218.17,0.13999999999998636,0.17292134831460756,31016,27017.3632958811,0,0,-1,
268,15:10:00,20230207,99831145,218.56,-0.6500295467975847,218.287,218.434,218.48,218.65,0.17000000000001592,0.17279850746268735,17386,27032.2835820905,0,0,1,
269,15:20:00,20230207,99831145,218.94,-0.477294422473754,218.704,218.837,218.87,219,0.12999999999999545,0.17278810408922016,17408,26996.4237918225,0,0,1,
270,15:30:00,20230207,99831145,219,-0.45002045547525305,218.808,218.898,218.98,219.02,0.040000000000020464,0.17262962962963044,75997,26960.911111112,1,1,1,BUY
271,15:40:00,20230207,99831145,219.3,-0.31365062048274817,218.922,219.003,219.23,219.3,0.0700000000000216,0.1721402214022149,79678,27141.8560885618,1,1,1,BUY
272,15:50:00,20230207,99831145,219.46,-0.24092004182008322,219.749,219.812,219.45,219.47,0.020000000000010232,0.1717647058823539,209355,27335.0036764715,1,1,-1,
273,09:30:00,20230208,99831145,218.93,-0.48184008364016645,218.409,219.052,218.67,219.18,0.5100000000000193,0.1712087912087922,44772,28001.7435897445,1,-1,0,
274,09:40:00,20230208,99831145,218.83,-0.5272966953043304,219.099,219.516,218.69,218.97,0.28000000000000114,0.1724452554744536,51580,28062.9489051104,1,-1,-1,
275,09:50:00,20230208,99831145,218.45,-0.7000318196281742,218.257,218.52,218.34,218.56,0.21999999999999886,0.1728363636363647,37708,28148.4654545464,0,0,0,
276,10:00:00,20230208,99831145,217.89,-0.954588844947508,217.981,218.218,217.82,218,0.18000000000000682,0.17300724637681267,27312,28183.1014492763,0,0,-1,
277,10:10:00,20230208,99831145,218.2,-0.8136733487885905,218.037,218.225,218.18,218.34,0.1599999999999966,0.17303249097473034,27871,28179.9566787013,0,0,0,
278,10:20:00,20230208,99831145,218.1,-0.8591299604527545,218.003,218.187,218.02,218.18,0.1599999999999966,0.17298561151079245,17027,28178.8453237419,0,0,0,
279,10:30:00,20230208,99831145,217.65,-1.0636847129414988,217.657,217.843,217.63,217.81,0.18000000000000682,0.1729390681003595,42747,28138.8745519722,1,0,-1,
280,10:40:00,20230208,99831145,218.11,-0.8545842992863292,217.959,218.133,218.03,218.17,0.13999999999998636,0.17296428571428682,29145,28191.0464285723,0,0,0,
281,10:50:00,20230208,99831145,217.99,-0.909132233283331,217.993,218.179,217.87,218.03,0.1599999999999966,0.172846975088969,13442,28194.4412811397,-1,0,-1,
282,11:00:00,20230208,99831145,217.68,-1.0500477294422483,217.689,217.878,217.59,217.74,0.15000000000000568,0.17280141843971733,16262,28142.1276595754,0,0,-1,
283,11:10:00,20230208,99831145,218.29,-0.7727623982908391,217.848,218.021,218.21,218.34,0.12999999999999545,0.17272084805653815,17242,28100.1484098949,0,0,1,
284,11:20:00,20230208,99831145,217.47,-1.1455066139370018,217.652,217.81,217.47,217.59,0.12000000000000455,0.1725704225352123,20471,28061.9154929586,0,0,-1,
285,11:30:00,20230208,99831145,217.65,-1.0636847129414988,217.374,217.528,217.56,217.73,0.1699999999999875,0.17238596491228173,13827,28035.2807017552,-1,0,1,
286,11:40:00,20230208,99831145,217.24,-1.2500568207645801,217.34,217.472,217.24,217.34,0.09999999999999432,0.17237762237762336,14774,27985.6013986022,0,0,-1,
287,11:50:00,20230208,99831145,217.63,-1.072776035274337,217.317,217.462,217.56,217.67,0.10999999999998522,0.17212543554007065,12576,27939.5679442517,-1,0,1,
288,12:00:00,20230208,99831145,217.25,-1.2455111595981676,217.254,217.396,217.19,217.35,0.1599999999999966,0.17190972222222312,12559,27886.222222223,-1,0,-1,
289,12:10:00,20230208,99831145,217.04,-1.340970044092921,217.026,217.163,216.96,217.12,0.1599999999999966,0.1718685121107275,21381,27833.1868512118,0,0,0,
290,12:20:00,20230208,99831145,217.45,-1.1545979362698398,217.338,217.489,217.38,217.52,0.14000000000001478,0.17182758620689742,10304,27810.9379310352,-1,0,0,
291,12:30:00,20230208,99831145,217.22,-1.259148143097418,217.318,217.468,217.2,217.39,0.18999999999999773,0.17171821305842014,13972,27750.7766323031,0,0,-1,
292,12:40:00,20230208,99831145,217.54,-1.1136869857720884,217.214,217.358,217.52,217.7,0.1799999999999784,0.17178082191780908,9546,27703.5890410966,-1,0,1,
293,12:50:00,20230208,99831145,217.74,-1.0227737624437474,217.58,217.696,217.7,217.82,0.12000000000000455,0.1718088737201373,9811,27641.617747441,-1,0,1,
294,13:00:00,20230208,99831145,218.21,-0.809127687622165,218.014,218.146,218.12,218.25,0.12999999999999545,0.1716326530612253,10340,27580.9693877558,-1,0,1,
295,13:10:00,20230208,99831145,218.24,-0.7954907041229146,218.153,218.311,218.11,218.26,0.14999999999997726,0.17149152542372958,9039,27522.5254237295,-1,0,0,
296,13:20:00,20230208,99831145,217.75,-1.0182281012773349,217.91,218.07,217.68,217.85,0.1699999999999875,0.1714189189189196,11471,27460.0810810818,-1,0,-1,
297,13:30:00,20230208,99831145,217.47,-1.1455066139370018,217.485,217.624,217.4,217.55,0.15000000000000568,0.17141414141414207,9241,27406.2457912465,-1,0,-1,
298,13:40:00,20230208,99831145,217.8,-0.9954997954452465,217.429,217.572,217.8,217.91,0.10999999999998522,0.1713422818791953,12781,27345.2885906047,-1,0,1,
299,13:50:00,20230208,99831145,218.12,-0.8500386381199166,218.035,218.175,218.03,218.18,0.15000000000000568,0.17113712374582002,15167,27296.5785953184,0,0,0,
300,14:00:00,20230208,99831145,218.07,-0.872766943952005,217.969,218.137,218.01,218.16,0.15000000000000568,0.1710666666666673,10970,27256.1466666673,-1,0,0,
301,14:10:00,20230208,99831145,218.63,-0.6182099186326713,218.441,218.584,218.58,218.67,0.08999999999997499,0.17099667774086444,12785,27202.0398671103,-1,0,1,
302,14:20:00,20230208,99831145,218.19,-0.8182190099550031,218.386,218.517,218.19,218.32,0.12999999999999545,0.17072847682119263,12113,27154.301324504,-1,0,-1,
303,14:30:00,20230208,99831145,218.41,-0.7182144642938372,218.226,218.332,218.32,218.46,0.14000000000001478,0.17059405940594116,21291,27104.6600660073,0,0,1,
304,14:40:00,20230208,99831145,218.38,-0.7318514477930878,218.208,218.344,218.3,218.44,0.13999999999998636,0.17049342105263218,18064,27085.5361842112,0,0,1,
305,14:50:00,20230208,99831145,218.81,-0.5363880176371685,218.43,218.596,218.69,218.88,0.18999999999999773,0.1703934426229514,19007,27055.9573770498,0,0,1,
306,15:00:00,20230208,99831145,218.15,-0.8364016546206662,218.174,218.293,218.09,218.21,0.12000000000000455,0.17045751633986983,24970,27029.6535947719,0,0,-1,
307,15:10:00,20230208,99831145,217.64,-1.0682303741079244,217.716,217.837,217.59,217.69,0.09999999999999432,0.1702931596091211,42431,27022.9446254078,1,0,-1,
308,15:20:00,20230208,99831145,217.93,-0.936406200281832,217.953,218.055,217.92,218.01,0.09000000000000341,0.1700649350649356,23283,27072.9707792214,0,0,-1,
309,15:30:00,20230208,99831145,217.88,-0.9591345061139204,217.733,217.834,217.84,217.92,0.07999999999998408,0.169805825242719,71614,27060.7055016187,1,1,1,BUY
310,15:40:00,20230208,99831145,217.52,-1.1227783081049132,217.676,217.764,217.52,217.57,0.04999999999998295,0.16951612903225857,56403,27204.4258064522,1,1,-1,
311,15:50:00,20230208,99831145,218.47,-0.6909404972953362,217.999,218.062,218.28,218.47,0.18999999999999773,0.16913183279742808,204329,27298.3118971067,1,0,1,
312,09:30:00,20230209,99831145,220.17,0.08182190099548997,219.709,220.245,219.95,220.33,0.3800000000000239,0.16919871794871838,19172,27865.7179487185,0,-1,0,
313,09:40:00,20230209,99831145,219.31,-0.30910495931633564,219.282,219.654,218.97,219.46,0.4900000000000091,0.16987220447284396,11898,27837.9424920133,-1,-1,0,
314,09:50:00,20230209,99831145,219.15,-0.38183553797900055,219.119,219.438,219,219.3,0.30000000000001137,0.17089171974522346,7586,27787.1783439496,-1,-1,0,
315,10:00:00,20230209,99831145,219,-0.45002045547525305,218.934,219.213,218.86,219.05,0.18999999999999773,0.17130158730158787,15159,27723.0476190482,0,0,0,
316,10:10:00,20230209,99831145,218.39,-0.7273057866266751,218.66,218.938,218.38,218.57,0.18999999999999773,0.17136075949367144,12189,27683.2879746841,-1,0,-1,
317,10:20:00,20230209,99831145,217.3,-1.2227828537660792,217.798,218.043,217.17,217.34,0.17000000000001592,0.171419558359622,8596,27634.4100946378,-1,0,-1,
318,10:30:00,20230209,99831145,217.88,-0.9591345061139204,217.556,217.781,217.77,217.95,0.1799999999999784,0.17141509433962324,10688,27574.5408805037,-1,0,1,
319,10:40:00,20230209,99831145,218.46,-0.6954861584617488,218.056,218.292,218.38,218.53,0.15000000000000568,0.171442006269593,6629,27521.6050156745,-1,0,1,
320,10:50:00,20230209,99831145,218.46,-0.6954861584617488,218.347,218.551,218.39,218.58,0.19000000000002615,0.17137500000000053,7330,27456.3156250005,-1,0,0,
321,11:00:00,20230209,99831145,218.39,-0.7273057866266751,218.418,218.624,218.29,218.47,0.18000000000000682,0.17143302180685419,10870,27393.6168224304,-1,0,-1,
322,11:10:00,20230209,99831145,218.38,-0.7318514477930878,218.256,218.471,218.29,218.45,0.1599999999999966,0.17145962732919318,4772,27342.3012422365,-1,0,0,
323,11:20:00,20230209,99831145,218.46,-0.6954861584617488,218.21,218.41,218.4,218.6,0.19999999999998863,0.17142414860681177,8051,27272.4241486073,-1,0,1,
324,11:30:00,20230209,99831145,218.58,-0.6409382244647468,218.334,218.561,218.4,218.59,0.18999999999999773,0.17151234567901294,7111,27213.0987654326,-1,0,1,
325,11:40:00,20230209,99831145,218.01,-0.9000409109505061,218.207,218.42,217.94,218.09,0.15000000000000568,0.17156923076923136,5711,27151.2461538467,-1,0,-1,
326,11:50:00,20230209,99831145,218.27,-0.7818537206236641,217.942,218.129,218.2,218.39,0.18999999999999773,0.17150306748466318,7221,27085.4785276079,-1,0,1,
327,12:00:00,20230209,99831145,218.44,-0.7045774807945867,218.295,218.483,218.3,218.44,0.13999999999998636,0.17155963302752353,4464,27024.7308868507,-1,0,0,
328,12:10:00,20230209,99831145,218.49,-0.6818491749624983,218.415,218.606,218.41,218.58,0.17000000000001592,0.17146341463414688,4339,26955.9481707323,-1,0,0,
329,12:20:00,20230209,99831145,218.75,-0.5636619846356694,218.694,218.868,218.58,218.8,0.21999999999999886,0.17145896656535012,23784,26887.203647417,0,0,0,
330,12:30:00,20230209,99831145,218.24,-0.7954907041229146,218.344,218.525,218.16,218.32,0.1599999999999966,0.17160606060606118,10042,26877.8000000006,-1,0,-1,
331,12:40:00,20230209,99831145,217.92,-0.9409518614482575,218.112,218.269,217.86,217.96,0.09999999999999432,0.17157099697885253,7521,26826.9365558918,-1,0,-1,
332,12:50:00,20230209,99831145,218.1,-0.8591299604527545,217.964,218.121,218.07,218.21,0.14000000000001478,0.17135542168674753,6005,26768.7861445789,-1,0,0,
333,13:00:00,20230209,99831145,217.28,-1.2318741760989171,217.514,217.709,217.17,217.34,0.17000000000001592,0.17126126126126184,12031,26706.432432433,-1,0,-1,
334,13:10:00,20230209,99831145,217.24,-1.2500568207645801,217.136,217.329,217.06,217.22,0.1599999999999966,0.17125748502994076,6421,26662.4940119766,-1,0,0,
335,13:20:00,20230209,99831145,216.83,-1.4364289285876615,216.991,217.157,216.78,216.93,0.15000000000000568,0.17122388059701554,10599,26602.0716417916,-1,0,-1,
336,13:30:00,20230209,99831145,217.02,-1.3500613664257461,217.011,217.186,216.9,217.07,0.1699999999999875,0.17116071428571492,13209,26554.4434523815,-1,0,0,
337,13:40:00,20230209,99831145,216.98,-1.368244011091422,216.895,217.052,216.92,217.05,0.13000000000002387,0.17115727002967418,5719,26514.8427299709,-1,0,0,
338,13:50:00,20230209,99831145,217.25,-1.2455111595981676,216.993,217.138,217.2,217.32,0.12000000000000455,0.17103550295858053,5385,26453.3165680479,-1,0,1,
339,14:00:00,20230209,99831145,217.26,-1.2409654984317553,217.072,217.241,217.13,217.27,0.14000000000001478,0.17088495575221305,6798,26391.1681415935,-1,0,1,
340,14:10:00,20230209,99831145,216.96,-1.377335333424247,216.925,217.077,216.9,217.03,0.12999999999999545,0.1707941176470595,9223,26333.5411764712,-1,0,0,
341,14:20:00,20230209,99831145,216.97,-1.3727896722578343,216.912,217.073,216.84,217.07,0.22999999999998977,0.17067448680351974,5803,26283.3636363642,-1,0,0,
342,14:30:00,20230209,99831145,217.11,-1.3091504159279945,217.084,217.235,217.05,217.23,0.1799999999999784,0.17084795321637491,7869,26223.4795321643,-1,0,0,
343,14:40:00,20230209,99831145,217.33,-1.2091458702668287,217.193,217.328,217.27,217.4,0.12999999999999545,0.1708746355685137,8674,26169.9679300297,-1,0,1,
344,14:50:00,20230209,99831145,217.11,-1.3091504159279945,217.048,217.176,217.06,217.18,0.12000000000000455,0.17075581395348893,8521,26119.1075581401,-1,0,0,
345,15:00:00,20230209,99831145,216.46,-1.6046183917450798,216.525,216.656,216.45,216.56,0.11000000000001364,0.17060869565217449,11317,26068.0985507252,-1,0,-1,
346,15:10:00,20230209,99831145,215.82,-1.8955407063957523,216.166,216.281,215.76,215.86,0.10000000000002274,0.1704335260115613,13621,26025.4653179196,0,0,-1,
347,15:20:00,20230209,99831145,215.23,-2.1637347152143365,215.451,215.574,215.22,215.32,0.09999999999999432,0.17023054755043296,19459,25989.7175792512,0,0,-1,
348,15:30:00,20230209,99831145,214.95,-2.2910132278740036,214.942,215.057,214.9,215.01,0.10999999999998522,0.17002873563218457,29908,25970.9511494258,0,0,0,
349,15:40:00,20230209,99831145,215.17,-2.1910086822128374,214.924,215.04,215.08,215.22,0.13999999999998636,0.16985673352435593,28780,25982.2320916911,0,0,1,
350,15:50:00,20230209,99831145,215.15,-2.200100004545663,215.524,215.61,215.15,215.2,0.04999999999998295,0.16977142857142916,166988,25990.2257142863,1,1,-1,
